TF,target,importance
ATF1,LINC01342,1
ATF1,LNCTAM34A,1
ATF1,LINC01355,1
ATF1,CD52,1
ATF1,CRYBG2,1
ATF1,FAM76A,1
ATF1,RPA2,1
ATF1,EYA3,1
ATF1,TRNAU1AP,1
ATF1,ATP5IF1,1
ATF1,SNHG12,1
ATF1,OPRD1,1
ATF1,TMEM39B,1
ATF1,CAP1,1
ATF1,TMCO2,1
ATF1,MOB3C,1
ATF1,TEX38,1
ATF1,EFCAB14,1
ATF1,LRP8-DT,1
ATF1,LINC02812,1
ATF1,STXBP3,1
ATF1,STRIP1,1
ATF1,PTPN22,1
ATF1,WARS2-AS1,1
ATF1,RFX5,1
ATF1,CD1A,1
ATF1,ATP1A2,1
ATF1,DCAF8-DT,1
ATF1,KLHDC9,1
ATF1,PPOX,1
ATF1,TSTD1,1
ATF1,SELL,1
ATF1,SCYL3,1
ATF1,FMO4,1
ATF1,RABGAP1L,1
ATF1,PRG4,1
ATF1,PDC-AS1,1
ATF1,PIK3C2B,1
ATF1,MDM4,1
ATF1,TMEM81,1
ATF1,RBBP5,1
ATF1,LEMD1-AS1,1
ATF1,TRAF3IP3,1
ATF1,UTP25,1
ATF1,LINC02608,1
ATF1,DEGS1,1
ATF1,LINC02809,1
ATF1,COA6-AS1,1
ATF1,COA6,1
ATF1,ARID4B,1
ATF1,GGPS1,1
ATF1,TBCE,1
ATF1,WDR64,1
ATF1,SDCCAG8,1
ATF1,OR2T10,1
ATF1,PGBD2,1
ATF1,IL2RA,1
ATF1,DCLRE1C,1
ATF1,COMMD3,1
ATF1,PIP4K2A,1
ATF1,LINC02664,1
ATF1,ARID5B,1
ATF1,AIFM2,1
ATF1,GHITM,1
ATF1,TNKS2-DT,1
ATF1,BLNK,1
ATF1,EXOSC1,1
ATF1,CUZD1,1
ATF1,FAM24B,1
ATF1,C10orf88,1
ATF1,ACADSB,1
ATF1,FAM53B,1
ATF1,LINC01165,1
ATF1,IFITM2,1
ATF1,GATD1-DT,1
ATF1,TIMM10B,1
ATF1,TRIM22,1
ATF1,SAA1,1
ATF1,LDHAL6A,1
ATF1,MISFA,1
ATF1,IGSF22,1
ATF1,GLYATL1B,1
ATF1,MS4A1,1
ATF1,TMEM216,1
ATF1,LBHD1,1
ATF1,BSCL2,1
ATF1,GNG3,1
ATF1,TMEM179B,1
ATF1,TRMT112,1
ATF1,GPHA2,1
ATF1,MAJIN,1
ATF1,BATF2,1
ATF1,NAALADL1,1
ATF1,SLC25A45,1
ATF1,RBM4B,1
ATF1,BBS1,1
ATF1,POLD4,1
ATF1,CABP4,1
ATF1,TMEM134,1
ATF1,CCND1,1
ATF1,AQP11,1
ATF1,ANKRD49,1
ATF1,LNCRNA-IUR,1
ATF1,BIRC3,1
ATF1,TMEM123-DT,1
ATF1,CEP126,1
ATF1,C11orf65,1
ATF1,EXPH5,1
ATF1,FDXACB1,1
ATF1,SDHD,1
ATF1,USP28,1
ATF1,TTC12,1
ATF1,ATP5MG,1
ATF1,CD27-AS1,1
ATF1,TAPBPL,1
ATF1,LPAR5,1
ATF1,EMG1,1
ATF1,PRH1,1
ATF1,CAPRIN2,1
ATF1,AK4P3,1
ATF1,ETFBKMT,1
ATF1,AMN1,1
ATF1,H3-5,1
ATF1,LINC02422,1
ATF1,DAZAP2,1
ATF1,SMAGP,1
ATF1,SLC4A8,1
ATF1,STAT2,1
ATF1,GLS2,1
ATF1,PAN2,1
ATF1,R3HDM2,1
ATF1,INHBE,1
ATF1,ARHGAP9,1
ATF1,TSPAN31,1
ATF1,PIP4K2C,1
ATF1,AVIL,1
ATF1,KICS2,1
ATF1,SRGAP1,1
ATF1,THAP2,1
ATF1,TMEM19,1
ATF1,USP44,1
ATF1,TMTC3,1
ATF1,WASHC3,1
ATF1,ISCU,1
ATF1,PWP1,1
ATF1,USP30-AS1,1
ATF1,UBE3B,1
ATF1,MVK,1
ATF1,GIT2,1
ATF1,C12orf76,1
ATF1,MAPKAPK5-AS1,1
ATF1,VPS33A,1
ATF1,SNRNP35,1
ATF1,GOLGA3,1
ATF1,B3GLCT,1
ATF1,N4BP2L2,1
ATF1,EXOSC8,1
ATF1,CAB39L,1
ATF1,SETDB2,1
ATF1,SPRYD7,1
ATF1,TRIM13,1
ATF1,KCNRG,1
ATF1,OXA1L-DT,1
ATF1,C14orf119,1
ATF1,LINC02332,1
ATF1,HEATR5A-DT,1
ATF1,PRPF39,1
ATF1,KLHDC1,1
ATF1,VCPKMT,1
ATF1,LINC01588,1
ATF1,AP5M1,1
ATF1,DHRS7,1
ATF1,ACTR10,1
ATF1,JKAMP,1
ATF1,DCAF4,1
ATF1,MIDEAS,1
ATF1,ZC2HC1C,1
ATF1,IFT43,1
ATF1,GSKIP,1
ATF1,COA8,1
ATF1,SNRPN,1
ATF1,CCDC32,1
ATF1,RAD51-AS1,1
ATF1,PPP1R14D,1
ATF1,SNAP23,1
ATF1,SPG11,1
ATF1,PATL2,1
ATF1,B2M,1
ATF1,TRIM69,1
ATF1,GATM,1
ATF1,SLC30A4,1
ATF1,DUOX1,1
ATF1,GNB5,1
ATF1,CERNA1,1
ATF1,HEXA,1
ATF1,BBS4,1
ATF1,CFAP161,1
ATF1,IL16,1
ATF1,SAXO2,1
ATF1,GOLGA6L10,1
ATF1,MRPL46,1
ATF1,DET1,1
ATF1,GDPGP1,1
ATF1,WASIR2,1
ATF1,ZNF213-AS1,1
ATF1,ZNF75A,1
ATF1,NUBP1,1
ATF1,DEXI,1
ATF1,IL4R,1
ATF1,IL21R-AS1,1
ATF1,YPEL3-DT,1
ATF1,C16orf54,1
ATF1,ZNF747-DT,1
ATF1,RUSF1-DT,1
ATF1,KRBOX5,1
ATF1,LONP2,1
ATF1,ATP6V0D1-DT,1
ATF1,DUS2,1
ATF1,CHST6,1
ATF1,CPHXL2,1
ATF1,DUXB,1
ATF1,IRF8,1
ATF1,C16orf95-DT,1
ATF1,MC1R,1
ATF1,DEF8,1
ATF1,P2RX5,1
ATF1,ITGAE,1
ATF1,UBE2G1,1
ATF1,MED11,1
ATF1,SPAG7,1
ATF1,ZFP3,1
ATF1,ZNF232-AS1,1
ATF1,USP6,1
ATF1,CD68,1
ATF1,TRAPPC1,1
ATF1,TMEM107,1
ATF1,LINC00324,1
ATF1,PRPSAP2,1
ATF1,GRAPL,1
ATF1,TEFM,1
ATF1,UTP6,1
ATF1,SNHG30,1
ATF1,SYNRG,1
ATF1,IKZF3,1
ATF1,ZPBP2,1
ATF1,KLHL10,1
ATF1,KRTAP4-12,1
ATF1,NBR2,1
ATF1,CCDC200,1
ATF1,LINC00910,1
ATF1,ARL4D,1
ATF1,CALCOCO2,1
ATF1,ATP5MC1,1
ATF1,ANKRD40,1
ATF1,LUC7L3,1
ATF1,ICAM2,1
ATF1,POLG2,1
ATF1,LINC01978,1
ATF1,TSPAN10,1
ATF1,ARL16,1
ATF1,METTL4,1
ATF1,MYL12A,1
ATF1,MYOM1,1
ATF1,FAM210A,1
ATF1,TMEM241,1
ATF1,LINC02958,1
ATF1,TTC39C,1
ATF1,CABYR,1
ATF1,PSMA8,1
ATF1,LINC01543,1
ATF1,RPRD1A,1
ATF1,ELP2,1
ATF1,ZNF397,1
ATF1,ATP8B1-AS1,1
ATF1,CYB5A,1
ATF1,CNDP2,1
ATF1,ZNF407-AS1,1
ATF1,LSM7,1
ATF1,DIRAS1,1
ATF1,ZNF57,1
ATF1,MICOS13,1
ATF1,ARHGEF18-AS1,1
ATF1,FCER2,1
ATF1,PCP2,1
ATF1,ZNF559,1
ATF1,ZNF559-ZNF177,1
ATF1,ZNF266,1
ATF1,ZNF426,1
ATF1,OR7D2,1
ATF1,ZNF846,1
ATF1,DOCK6-AS1,1
ATF1,SWSAP1,1
ATF1,RGL3,1
ATF1,ACP5,1
ATF1,ZNF441,1
ATF1,ZNF439,1
ATF1,ZNF763,1
ATF1,PRDX2,1
ATF1,SLC1A6,1
ATF1,H3C11,1
ATF1,MAST3,1
ATF1,KXD1,1
ATF1,ZNF506,1
ATF1,SLC25A42,1
ATF1,IGFLR1,1
ATF1,PSENEN,1
ATF1,LIN37,1
ATF1,DMKN,1
ATF1,GMFG,1
ATF1,RPS19,1
ATF1,LINC01480,1
ATF1,LNROP,1
ATF1,POU2F2-AS2,1
ATF1,CNFN,1
ATF1,ZNF404,1
ATF1,TRAPPC6A,1
ATF1,BLOC1S3,1
ATF1,GEMIN7,1
ATF1,SNRPD2,1
ATF1,ZC3H4,1
ATF1,CARD8-AS1,1
ATF1,SLC6A16,1
ATF1,CD37,1
ATF1,TEAD2,1
ATF1,DKKL1,1
ATF1,KLK4,1
ATF1,ZNF347,1
ATF1,ZNF677,1
ATF1,ZNF761,1
ATF1,NLRP9,1
ATF1,ZNF582-DT,1
ATF1,ZNF583,1
ATF1,ZNF667-AS1,1
ATF1,ZNF470-DT,1
ATF1,AURKC,1
ATF1,ZNF460-AS1,1
ATF1,ZNF547,1
ATF1,TRAPPC2B,1
ATF1,ZNF548,1
ATF1,VN1R1,1
ATF1,ZNF419,1
ATF1,ZNF549,1
ATF1,ZNF382,1
ATF1,ZNF345,1
ATF1,ZNF814,1
ATF1,ZNF606-AS1,1
ATF1,ZNF154,1
ATF1,ZNF606,1
ATF1,ZNF544,1
ATF1,ZNF8-DT,1
ATF1,ZNF132,1
ATF1,SNTG2,1
ATF1,GDF7,1
ATF1,PTRHD1,1
ATF1,RASGRP3,1
ATF1,SLC3A1,1
ATF1,PREPL,1
ATF1,PPP1R21,1
ATF1,LINC01800,1
ATF1,LINC02245,1
ATF1,C2orf42,1
ATF1,STAMBP,1
ATF1,ZNF2,1
ATF1,ANKRD36,1
ATF1,NPHP1,1
ATF1,PAX8-AS1,1
ATF1,LINC02966,1
ATF1,ACTR3-AS1,1
ATF1,MAP3K2-DT,1
ATF1,ACMSD,1
ATF1,KLHL41,1
ATF1,PHOSPHO2,1
ATF1,CCDC141,1
ATF1,METTL21A,1
ATF1,SLC23A3,1
ATF1,CHRND,1
ATF1,HDAC4-AS1,1
ATF1,SPEF1,1
ATF1,KAT14,1
ATF1,PET117,1
ATF1,KIZ-AS1,1
ATF1,BCL2L1-AS1,1
ATF1,KIF3B,1
ATF1,ITCH-IT1,1
ATF1,CPNE1,1
ATF1,NFS1,1
ATF1,PKIG,1
ATF1,CD40,1
ATF1,PARD6B,1
ATF1,ADNP,1
ATF1,KCNG1,1
ATF1,PRELID3B,1
ATF1,EDN3,1
ATF1,NELFCD,1
ATF1,C21orf91-OT1,1
ATF1,N6AMT1,1
ATF1,RWDD2B,1
ATF1,USP16,1
ATF1,IFNAR1,1
ATF1,TMEM50B,1
ATF1,BRWD1-IT1,1
ATF1,NDUFV3,1
ATF1,PKNOX1,1
ATF1,GATD3,1
ATF1,DGCR5,1
ATF1,MRPL40,1
ATF1,GNAZ,1
ATF1,UQCR10,1
ATF1,APOL2,1
ATF1,ENTHD1,1
ATF1,TNRC6B,1
ATF1,RBX1,1
ATF1,TNFRSF13C,1
ATF1,WBP2NL,1
ATF1,PRR34-AS1,1
ATF1,PKDREJ,1
ATF1,CRBN,1
ATF1,PLCL2-AS1,1
ATF1,ENTPD3-AS1,1
ATF1,FLVCR1-DT,1
ATF1,ITPR1,1
ATF1,CCDC174,1
ATF1,SS18L2,1
ATF1,ZNF502,1
ATF1,TMEM42,1
ATF1,TCTA,1
ATF1,TWF2-DT,1
ATF1,ARL6IP5,1
ATF1,UBA3,1
ATF1,FOXP1-AS1,1
ATF1,NIT2,1
ATF1,SENP7,1
ATF1,DZIP3,1
ATF1,CD47,1
ATF1,IFT57,1
ATF1,POGLUT1,1
ATF1,POPDC2,1
ATF1,PARP15,1
ATF1,PARP14,1
ATF1,FAM162A,1
ATF1,SEC22A,1
ATF1,CEP63,1
ATF1,RASA2-IT1,1
ATF1,ARHGEF26,1
ATF1,CLDN11,1
ATF1,ST6GAL1,1
ATF1,ZNF141,1
ATF1,ZNF721,1
ATF1,LETM1,1
ATF1,TMEM128,1
ATF1,SEPSECS-AS1,1
ATF1,ANAPC4,1
ATF1,WDR19,1
ATF1,UGDH-AS1,1
ATF1,DCAF4L1,1
ATF1,OCIAD2,1
ATF1,THAP6,1
ATF1,PLAC8,1
ATF1,HELQ,1
ATF1,MRPS18C,1
ATF1,ARHGAP24,1
ATF1,RAP1GDS1,1
ATF1,DAPP1,1
ATF1,ANK2,1
ATF1,METTL14-DT,1
ATF1,METTL14,1
ATF1,C4orf3,1
ATF1,MFSD8,1
ATF1,NDUFC1,1
ATF1,ANAPC10,1
ATF1,LRP2BP-AS1,1
ATF1,LRP2BP,1
ATF1,SLC1A3-AS1,1
ATF1,GPBP1,1
ATF1,RAD17,1
ATF1,RGMB-AS1,1
ATF1,AP3S1,1
ATF1,TNFAIP8,1
ATF1,DMXL1-DT,1
ATF1,C5orf15,1
ATF1,MATR3,1
ATF1,IGIP,1
ATF1,PLAC8L1,1
ATF1,MAT2B,1
ATF1,RPL26L1-AS1,1
ATF1,ATP6V0E1,1
ATF1,SNCB,1
ATF1,HNRNPH1,1
ATF1,BPHL,1
ATF1,TRIM38,1
ATF1,BTN3A2,1
ATF1,HMGN4,1
ATF1,BTN2A2,1
ATF1,BTN3A3,1
ATF1,ZNF165,1
ATF1,ZSCAN16,1
ATF1,ZSCAN26,1
ATF1,GABBR1,1
ATF1,HLA-F,1
ATF1,HCG18,1
ATF1,RPP21,1
ATF1,HLA-E,1
ATF1,MRPS18B,1
ATF1,NCR3,1
ATF1,CLIC1,1
ATF1,SNHG32,1
ATF1,TSBP1-AS1,1
ATF1,TSBP1,1
ATF1,HLA-DRA,1
ATF1,HLA-DQA2,1
ATF1,HLA-DQB2,1
ATF1,HLA-DOB,1
ATF1,PSMB8-AS1,1
ATF1,PSMB9,1
ATF1,HLA-DMB,1
ATF1,HLA-DMA,1
ATF1,HLA-DOA,1
ATF1,HLA-DPA1,1
ATF1,HLA-DPB1,1
ATF1,HCG24,1
ATF1,HLA-DQA1,1
ATF1,HCG25,1
ATF1,ILRUN-AS1,1
ATF1,SMIM29,1
ATF1,SLC22A7,1
ATF1,CRIP3,1
ATF1,GCM1,1
ATF1,ELOVL5,1
ATF1,MDN1-AS1,1
ATF1,MAN1A1,1
ATF1,PDE7B,1
ATF1,PDE7B-AS1,1
ATF1,CCR6,1
ATF1,SUN1,1
ATF1,ELFN1-AS1,1
ATF1,MAD1L1,1
ATF1,SNX8,1
ATF1,GIRGL,1
ATF1,CCDC126,1
ATF1,PALS2,1
ATF1,AMPH,1
ATF1,VPS41,1
ATF1,YAE1,1
ATF1,CDK13,1
ATF1,TMED4,1
ATF1,MRPL32,1
ATF1,LINC00174,1
ATF1,SPDYE21,1
ATF1,SPDYE5,1
ATF1,GSAP,1
ATF1,PHTF2,1
ATF1,RBM48,1
ATF1,VPS50,1
ATF1,POT1-AS1,1
ATF1,LAMTOR4,1
ATF1,STAG3,1
ATF1,ZCWPW1,1
ATF1,ING3,1
ATF1,WNT16,1
ATF1,POT1,1
ATF1,SLC13A4,1
ATF1,NDUFB2,1
ATF1,AGK,1
ATF1,WEE2,1
ATF1,ABCF2-H2BK1,1
ATF1,MCPH1-AS1,1
ATF1,AGPAT5,1
ATF1,MTMR9,1
ATF1,BLK,1
ATF1,PEBP4,1
ATF1,TNFRSF10A-DT,1
ATF1,CHMP7,1
ATF1,RNF122,1
ATF1,NSD3,1
ATF1,DDHD2,1
ATF1,PLPP5,1
ATF1,IKBKB,1
ATF1,SMIM19,1
ATF1,DNAJC5B,1
ATF1,C8orf44-SGK3,1
ATF1,C8orf44,1
ATF1,MIR378D2HG,1
ATF1,VIRMA-DT,1
ATF1,POP1,1
ATF1,POLR2K,1
ATF1,ZNNT1,1
ATF1,ZNF706,1
ATF1,HPYR1,1
ATF1,MINCR,1
ATF1,ZNF7,1
ATF1,ZNF252P-AS1,1
ATF1,ZNF34,1
ATF1,ZNF250,1
ATF1,PGM5P3-AS1,1
ATF1,RFX3-DT,1
ATF1,LINC02851,1
ATF1,KDM4C,1
ATF1,RIGI,1
ATF1,SMIM27,1
ATF1,NDUFB6,1
ATF1,SMU1,1
ATF1,NFX1,1
ATF1,APTX,1
ATF1,B4GALT1,1
ATF1,ARID3C,1
ATF1,TOMM5,1
ATF1,ZCCHC7,1
ATF1,ZNG1F,1
ATF1,ZNG1E,1
ATF1,ZNG1C,1
ATF1,IDNK,1
ATF1,ZNF169,1
ATF1,PRXL2C,1
ATF1,XPA,1
ATF1,ZFP37,1
ATF1,CDC26,1
ATF1,HMGA1P4,1
ATF1,SET,1
ATF1,QSOX2,1
ATF1,LINC01451,1
ATF1,LCN8,1
ATF1,STPG3-AS1,1
ATF1,XG,1
ATF1,PNPLA4,1
ATF1,TCEANC,1
ATF1,TRAPPC2,1
ATF1,S100G,1
ATF1,EIF2S3,1
ATF1,DYNLT3,1
ATF1,INE1,1
ATF1,ZNF41,1
ATF1,ZNF182,1
ATF1,ZNF630-AS1,1
ATF1,PORCN-DT,1
ATF1,HDX,1
ATF1,RNF113A,1
ATF1,NDUFA1,1
ATF1,INTS6L,1
ATF1,ATP6AP1-DT,1
ATF1,RER1,1
ATF1,TP73,1
ATF1,TP73-AS3,1
ATF1,LINC01134,1
ATF1,ICMT-DT,1
ATF1,RERE-AS1,1
ATF1,NPPA,1
ATF1,DNAJC16,1
ATF1,ALPL,1
ATF1,ELOA-AS1,1
ATF1,HMGCL,1
ATF1,IFNLR1,1
ATF1,NIPAL3,1
ATF1,CLIC4,1
ATF1,SYF2,1
ATF1,RSRP1,1
ATF1,NR0B2,1
ATF1,ZCCHC17,1
ATF1,FABP3,1
ATF1,LAPTM5,1
ATF1,HDAC1,1
ATF1,ZBTB8OS,1
ATF1,TMEM35B,1
ATF1,TRAPPC3,1
ATF1,THRAP3,1
ATF1,LSM10,1
ATF1,MEAF6,1
ATF1,MANEAL,1
ATF1,INPP5B,1
ATF1,POU3F1,1
ATF1,LINC02811,1
ATF1,SLC2A1-DT,1
ATF1,CFAP57,1
ATF1,PPCS,1
ATF1,ELOVL1,1
ATF1,ZNF691,1
ATF1,CCDC163,1
ATF1,TXNDC12,1
ATF1,TUT4,1
ATF1,ZYG11A,1
ATF1,TTC22,1
ATF1,TMEM59,1
ATF1,PATJ,1
ATF1,ATG4C,1
ATF1,EFCAB7,1
ATF1,DLEU2L,1
ATF1,C1orf146,1
ATF1,BCAR3-AS1,1
ATF1,CNN3,1
ATF1,ALG14-AS1,1
ATF1,RWDD3-DT,1
ATF1,RWDD3,1
ATF1,TRMT13,1
ATF1,DBT,1
ATF1,AGL,1
ATF1,DPH5-DT,1
ATF1,LAMTOR5,1
ATF1,CD53,1
ATF1,CEPT1,1
ATF1,DRAM2,1
ATF1,DENND2D,1
ATF1,CHI3L2,1
ATF1,WNT2B,1
ATF1,CAPZA1,1
ATF1,SLC16A1-AS1,1
ATF1,LRIG2,1
ATF1,BCAS2,1
ATF1,TENT5C-DT,1
ATF1,SEC22B,1
ATF1,NBPF15,1
ATF1,ITGA10,1
ATF1,POLR3GL,1
ATF1,FMO5,1
ATF1,LINC00624,1
ATF1,NBPF11,1
ATF1,LINC01138,1
ATF1,VPS45,1
ATF1,LINC02988,1
ATF1,ANP32E,1
ATF1,C1orf54,1
ATF1,MRPS21,1
ATF1,C1orf56,1
ATF1,GABPB2,1
ATF1,TNFAIP8L2,1
ATF1,SCNM1,1
ATF1,LYSMD1,1
ATF1,PSMD4,1
ATF1,PSMB4,1
ATF1,LENEP,1
ATF1,SLC50A1,1
ATF1,KRTCAP2,1
ATF1,RUSC1-AS1,1
ATF1,ASH1L-AS1,1
ATF1,KHDC4,1
ATF1,ARHGEF2-AS2,1
ATF1,LAMTOR2,1
ATF1,PMF1-BGLAP,1
ATF1,PMF1,1
ATF1,NT5C,1
ATF1,GPATCH4,1
ATF1,HSD17B7,1
ATF1,TMCO1-AS1,1
ATF1,MGST3,1
ATF1,ALDH9A1,1
ATF1,MPC2,1
ATF1,BLZF1,1
ATF1,RABGAP1L-AS1,1
ATF1,MRPS14,1
ATF1,KIAA0040,1
ATF1,RALGPS2,1
ATF1,MR1,1
ATF1,LINC01732,1
ATF1,TRMT1L,1
ATF1,LYPLAL1,1
ATF1,SYT2-AS1,1
ATF1,KLHL12,1
ATF1,LRRN2,1
ATF1,MFSD4A,1
ATF1,RAB29,1
ATF1,PIGR,1
ATF1,LPGAT1-AS1,1
ATF1,TATDN3,1
ATF1,SPATA45,1
ATF1,RRP15,1
ATF1,TGFB2-AS1,1
ATF1,TGFB2,1
ATF1,RAB3GAP2,1
ATF1,C1orf115,1
ATF1,MTARC2,1
ATF1,HHIPL2,1
ATF1,TAF1A-AS1,1
ATF1,AIDA,1
ATF1,BROX,1
ATF1,FAM177B,1
ATF1,DISP1,1
ATF1,ACBD3,1
ATF1,MIXL1,1
ATF1,ITPKB-IT1,1
ATF1,CATSPERE,1
ATF1,CNST,1
ATF1,ZNF692-DT,1
ATF1,TUBB8,1
ATF1,DIP2C,1
ATF1,LINC00200,1
ATF1,ITIH2,1
ATF1,STAM-DT,1
ATF1,NSUN6,1
ATF1,THNSL1,1
ATF1,CCNY-AS1,1
ATF1,ZNF485,1
ATF1,OR13A1,1
ATF1,WDFY4,1
ATF1,ANAPC16,1
ATF1,DNAJC9-AS1,1
ATF1,CFAP70,1
ATF1,ADK,1
ATF1,TMEM254-AS1,1
ATF1,PTEN,1
ATF1,STAMBPL1,1
ATF1,PDE6C,1
ATF1,ENTPD1,1
ATF1,ENTPD1-AS1,1
ATF1,COX15,1
ATF1,BLOC1S2,1
ATF1,BTRC,1
ATF1,OGA,1
ATF1,KCNIP2,1
ATF1,ARMH3,1
ATF1,C10orf95-AS1,1
ATF1,WBP1L,1
ATF1,CYP17A1,1
ATF1,STN1,1
ATF1,SHOC2,1
ATF1,GPAM,1
ATF1,ACSL5,1
ATF1,NHLRC2,1
ATF1,GRK5,1
ATF1,INPP5F,1
ATF1,PLEKHA1,1
ATF1,C10orf143,1
ATF1,LRRC27,1
ATF1,PRAP1,1
ATF1,SWAP70,1
ATF1,SBF2-AS1,1
ATF1,RNF141,1
ATF1,IRAG1-AS1,1
ATF1,ZBED5,1
ATF1,ZBED5-AS1,1
ATF1,RRAS2,1
ATF1,BDNF-AS,1
ATF1,LINC00678,1
ATF1,GAS2,1
ATF1,ARL14EP,1
ATF1,LINC02696,1
ATF1,HARBI1,1
ATF1,AGBL2,1
ATF1,RAPSN,1
ATF1,TIMM10,1
ATF1,HTATIP2,1
ATF1,FAM111A-DT,1
ATF1,TMEM258,1
ATF1,POLR2G,1
ATF1,CSKMT,1
ATF1,SNX15,1
ATF1,SPDYC,1
ATF1,CAPN1-AS1,1
ATF1,ZNRD2-DT,1
ATF1,C11orf80,1
ATF1,LTO1,1
ATF1,CTTN-DT,1
ATF1,KRTAP5-8,1
ATF1,KRTAP5-9,1
ATF1,XNDC1N,1
ATF1,FCHSD2,1
ATF1,RAB30,1
ATF1,RAB30-DT,1
ATF1,LINC02951,1
ATF1,TMEM126B,1
ATF1,CWC15,1
ATF1,ACAT1,1
ATF1,LINC02550,1
ATF1,COLCA1,1
ATF1,POU2AF3,1
ATF1,BCO2,1
ATF1,LINC02762,1
ATF1,LINC02763,1
ATF1,TTC12-DT,1
ATF1,PAFAH1B2,1
ATF1,BACE1-AS,1
ATF1,FXYD2,1
ATF1,KMT2A,1
ATF1,CXCR5,1
ATF1,TRAPPC4,1
ATF1,VPS11-DT,1
ATF1,MSANTD2-AS1,1
ATF1,CCDC15-DT,1
ATF1,MSANTD2,1
ATF1,ETS1,1
ATF1,KCNJ1,1
ATF1,TP53AIP1,1
ATF1,RAD52,1
ATF1,MRPL51,1
ATF1,M6PR,1
ATF1,ATF7IP,1
ATF1,GUCY2C,1
ATF1,C12orf60,1
ATF1,ERP27,1
ATF1,ETNK1,1
ATF1,LINC02955,1
ATF1,LINC02909,1
ATF1,IRAG2,1
ATF1,DNAI7,1
ATF1,ETFRF1,1
ATF1,RESF1,1
ATF1,IRAK4,1
ATF1,PRICKLE1,1
ATF1,TMEM117,1
ATF1,SCAF11,1
ATF1,SLC38A1,1
ATF1,SLC38A4-AS1,1
ATF1,RPAP3-DT,1
ATF1,RPAP3,1
ATF1,LINC02354,1
ATF1,PFKM,1
ATF1,TMBIM6,1
ATF1,BCDIN3D,1
ATF1,TMPRSS12,1
ATF1,HOXC4,1
ATF1,GTSF1,1
ATF1,RDH5,1
ATF1,ORMDL2,1
ATF1,BLOC1S1,1
ATF1,TMBIM4,1
ATF1,CAPS2,1
ATF1,GLIPR1L1,1
ATF1,GLIPR1L2,1
ATF1,GALNT4,1
ATF1,NDUFA12,1
ATF1,LINC02453,1
ATF1,ANKS1B,1
ATF1,SYCP3,1
ATF1,NT5DC3,1
ATF1,MTERF2,1
ATF1,PRDM4,1
ATF1,ALKBH2,1
ATF1,ANKRD13A,1
ATF1,TCTN1,1
ATF1,VPS29,1
ATF1,HVCN1,1
ATF1,OAS2,1
ATF1,OAS1,1
ATF1,SPRING1,1
ATF1,POP5,1
ATF1,ANAPC5,1
ATF1,RNF34,1
ATF1,KDM2B-DT,1
ATF1,HPD,1
ATF1,PSMD9,1
ATF1,TMED2-DT,1
ATF1,TMED2,1
ATF1,TCTN2,1
ATF1,DNAH10,1
ATF1,DNAH10OS,1
ATF1,PUS1-AS1,1
ATF1,ZNF26,1
ATF1,PCOTH,1
ATF1,C1QTNF9B,1
ATF1,SPATA13-AS1,1
ATF1,PAN3,1
ATF1,CKAP2-DT,1
ATF1,N4BP2L1,1
ATF1,KBTBD6-DT,1
ATF1,MTRF1,1
ATF1,TPT1-AS1,1
ATF1,LINC00562,1
ATF1,PHF11,1
ATF1,SERPINE3,1
ATF1,INTS6-AS1,1
ATF1,SUGT1-DT,1
ATF1,RBM26-AS1,1
ATF1,OBI1,1
ATF1,MIR17HG,1
ATF1,GPC5,1
ATF1,CLYBL,1
ATF1,CLYBL-AS2,1
ATF1,METTL21EP,1
ATF1,ANKRD10,1
ATF1,TEX29,1
ATF1,CDC16,1
ATF1,RNASE6,1
ATF1,LINC03058,1
ATF1,METTL17,1
ATF1,TOX4,1
ATF1,METTL3,1
ATF1,NGDN,1
ATF1,THTPA,1
ATF1,MDP1,1
ATF1,NEDD8,1
ATF1,TINF2,1
ATF1,TGM1,1
ATF1,DHRS1,1
ATF1,CBLN3,1
ATF1,SDR39U1,1
ATF1,GZMB,1
ATF1,HEATR5A,1
ATF1,EAPP,1
ATF1,DMAC2L,1
ATF1,CDKL1,1
ATF1,GMFB,1
ATF1,SAMD4A-AS1,1
ATF1,PSMA3-AS1,1
ATF1,LINC01500,1
ATF1,L3HYPDH,1
ATF1,DAAM1,1
ATF1,ESR2,1
ATF1,CHURC1,1
ATF1,LINC02324,1
ATF1,ADAM21,1
ATF1,TTC9-DT,1
ATF1,MAP3K9,1
ATF1,MAP3K9-DT,1
ATF1,HEATR4,1
ATF1,ISCA2,1
ATF1,ACYP1,1
ATF1,BATF,1
ATF1,TMED8,1
ATF1,SAMD15,1
ATF1,GPR65,1
ATF1,EML5,1
ATF1,CALM1,1
ATF1,RPS6KA5,1
ATF1,LGMN,1
ATF1,GOLGA5,1
ATF1,DICER1-AS1,1
ATF1,SNHG10,1
ATF1,PPP2R5C,1
ATF1,COPDA1,1
ATF1,FAM30A,1
ATF1,NIPA1,1
ATF1,LINC02250,1
ATF1,LINC03034,1
ATF1,NOP10,1
ATF1,CCDC9B,1
ATF1,SRP14-DT,1
ATF1,SPINT1-AS1,1
ATF1,DNAJC17,1
ATF1,RAD51,1
ATF1,CHP1,1
ATF1,NDUFAF1,1
ATF1,CCNDBP1,1
ATF1,SQOR,1
ATF1,GABPB1-AS1,1
ATF1,USP8,1
ATF1,ATOSA,1
ATF1,PIGB,1
ATF1,TEX9,1
ATF1,LINC00926,1
ATF1,LINC01413,1
ATF1,MYZAP,1
ATF1,GCOM1,1
ATF1,RORA-AS1,1
ATF1,RPS27L,1
ATF1,SNX22,1
ATF1,CIAO2A,1
ATF1,MTFMT,1
ATF1,SNAPC5,1
ATF1,LCTL,1
ATF1,ADPGK,1
ATF1,SCAMP5,1
ATF1,ST20,1
ATF1,EFL1,1
ATF1,SNHG21,1
ATF1,C15orf40,1
ATF1,HOMER2,1
ATF1,SEC11A,1
ATF1,SEMA4B,1
ATF1,CRTC3-AS1,1
ATF1,HDDC3,1
ATF1,MCTP2,1
ATF1,LINC02244,1
ATF1,ALDH1A3-AS1,1
ATF1,LRRK1,1
ATF1,TARS3,1
ATF1,GNG13,1
ATF1,CCDC154,1
ATF1,LINC02861,1
ATF1,ALG1,1
ATF1,EEF2KMT,1
ATF1,USP7,1
ATF1,USP7-AS1,1
ATF1,TMEM186,1
ATF1,SNX29,1
ATF1,SYT17,1
ATF1,LCMT1-AS1,1
ATF1,NPIPB7,1
ATF1,NPIPB8,1
ATF1,DNAJA2-DT,1
ATF1,PHKB,1
ATF1,SNX20,1
ATF1,CYLD-AS1,1
ATF1,BBS2,1
ATF1,HERPUD1,1
ATF1,CNOT1,1
ATF1,CIAO2B,1
ATF1,TRADD,1
ATF1,DPEP2,1
ATF1,ESRP2,1
ATF1,ZNF23,1
ATF1,ZNF19,1
ATF1,TAT-AS1,1
ATF1,PHLPP2,1
ATF1,IST1,1
ATF1,LINC01572,1
ATF1,GLG1,1
ATF1,NUDT7,1
ATF1,PLCG2,1
ATF1,CDH13-AS2,1
ATF1,HSDL1,1
ATF1,LINC02132,1
ATF1,ZNF778-DT,1
ATF1,SPIRE2,1
ATF1,FANCA,1
ATF1,TUBB3,1
ATF1,GAS8,1
ATF1,TRPV3,1
ATF1,P2RX5-TAX1BP3,1
ATF1,SLC52A1,1
ATF1,ZNF594,1
ATF1,ZNF594-DT,1
ATF1,SCIMP,1
ATF1,RABEP1,1
ATF1,RPAIN,1
ATF1,DERL2,1
ATF1,MED31,1
ATF1,SLC13A5,1
ATF1,ALOX12-AS1,1
ATF1,C17orf100,1
ATF1,KCNAB3,1
ATF1,NCOR1,1
ATF1,ZNF287,1
ATF1,ZNF624,1
ATF1,MPRIP-AS1,1
ATF1,FLCN,1
ATF1,LGALS9C,1
ATF1,TVP23B,1
ATF1,AKAP10,1
ATF1,CCDC144NL-AS1,1
ATF1,RPL23A,1
ATF1,CRLF3,1
ATF1,CDK5R1,1
ATF1,EPOP,1
ATF1,GSDMB,1
ATF1,MIEN1,1
ATF1,KCNH4,1
ATF1,COA3,1
ATF1,BECN1,1
ATF1,ATXN7L3-AS1,1
ATF1,ASB16,1
ATF1,HEXIM2-AS1,1
ATF1,NSF,1
ATF1,WNT3,1
ATF1,CDK5RAP3,1
ATF1,NFE2L1-DT,1
ATF1,SKAP1,1
ATF1,SKAP1-AS1,1
ATF1,SKAP1-AS2,1
ATF1,HOXB7,1
ATF1,GNGT2,1
ATF1,SGCA,1
ATF1,SUPT4H1,1
ATF1,MTMR4,1
ATF1,SEPTIN4-AS1,1
ATF1,TUBD1,1
ATF1,HEATR6-DT,1
ATF1,GH1,1
ATF1,SLC9A3R1-AS1,1
ATF1,GRB2,1
ATF1,SMIM6,1
ATF1,METTL23,1
ATF1,PRCD,1
ATF1,SNHG20,1
ATF1,SYNGR2,1
ATF1,RMC1,1
ATF1,HDHD2,1
ATF1,ELAC1,1
ATF1,VPS4B,1
ATF1,CCDC102B,1
ATF1,CRYZL1,1
ATF1,NFATC1,1
ATF1,LINC03101,1
ATF1,MADCAM1,1
ATF1,MADCAM1-AS1,1
ATF1,UQCR11,1
ATF1,JSRP1,1
ATF1,ZNF77,1
ATF1,EBI3,1
ATF1,CD70,1
ATF1,ZNF557,1
ATF1,ANGPTL6,1
ATF1,S1PR2,1
ATF1,ZNF563,1
ATF1,ZNF442,1
ATF1,ZNF490,1
ATF1,LINC02926,1
ATF1,ZNF700,1
ATF1,ZNF791,1
ATF1,CACNA1A,1
ATF1,CLEC17A,1
ATF1,BISPR,1
ATF1,LINC00663,1
ATF1,ZNF682,1
ATF1,POP4,1
ATF1,GPATCH1,1
ATF1,ZNF302,1
ATF1,ZNF181,1
ATF1,LINC02965,1
ATF1,LINC03049,1
ATF1,ZNF30,1
ATF1,FAM187B,1
ATF1,TMEM147,1
ATF1,POLR2I,1
ATF1,ZFP14,1
ATF1,ZNF566,1
ATF1,ZNF260,1
ATF1,ZNF529-AS1,1
ATF1,ZNF383,1
ATF1,ZNF567-DT,1
ATF1,ZNF790-AS1,1
ATF1,ZNF829,1
ATF1,ZNF568,1
ATF1,CYB561D2,1
ATF1,ZNF420,1
ATF1,ZNF585A,1
ATF1,ZFP82,1
ATF1,ZNF585B,1
ATF1,LINC01535,1
ATF1,ZNF540,1
ATF1,MAP4K1-AS1,1
ATF1,CAPN12,1
ATF1,RINL,1
ATF1,ZNF546,1
ATF1,RAB4B,1
ATF1,CEACAM21,1
ATF1,POU2F2,1
ATF1,ZNF233,1
ATF1,ZNF285,1
ATF1,ZNF180,1
ATF1,ZNF284,1
ATF1,ZNF224,1
ATF1,ZNF234,1
ATF1,GEMIN7-AS1,1
ATF1,CARD8,1
ATF1,ZNF577,1
ATF1,ZNF766,1
ATF1,ZNF480,1
ATF1,ZNF880,1
ATF1,ZNF528-AS1,1
ATF1,ZNF528,1
ATF1,ZNF578,1
ATF1,ZNF701,1
ATF1,ZNF83,1
ATF1,ZNF611,1
ATF1,ZNF600,1
ATF1,ZNF28,1
ATF1,ZNF468,1
ATF1,ZNF888-AS1,1
ATF1,ZNF816,1
ATF1,ZNF160,1
ATF1,ZNF415,1
ATF1,ZNF765,1
ATF1,LENG8-AS1,1
ATF1,LILRB1,1
ATF1,LILRB1-AS1,1
ATF1,KIR2DL4,1
ATF1,RFPL4A,1
ATF1,ZNF582,1
ATF1,ZFP28,1
ATF1,ZNF835,1
ATF1,ZNF211,1
ATF1,ZNF418,1
ATF1,C19orf18,1
ATF1,ZNF135,1
ATF1,RNASEH1-DT,1
ATF1,SLC66A3,1
ATF1,SMC6,1
ATF1,EFR3B,1
ATF1,DTNB,1
ATF1,RAB10,1
ATF1,ADGRF3,1
ATF1,ATRAID,1
ATF1,MPV17,1
ATF1,PPP1CB,1
ATF1,WDR43,1
ATF1,LCLAT1,1
ATF1,DPY30,1
ATF1,RMDN2,1
ATF1,EML4-AS1,1
ATF1,EML4,1
ATF1,MTA3,1
ATF1,LINC01118,1
ATF1,C2orf74,1
ATF1,USP34-DT,1
ATF1,COMMD1,1
ATF1,SPRED2,1
ATF1,LINC02934,1
ATF1,PCBP1-AS1,1
ATF1,PAIP2B,1
ATF1,DGUOK,1
ATF1,SLC4A5,1
ATF1,WDR54,1
ATF1,PCGF1,1
ATF1,LINC01964,1
ATF1,RNF181,1
ATF1,SH2D6,1
ATF1,PTCD3,1
ATF1,C2orf68,1
ATF1,KRCC1,1
ATF1,COA5,1
ATF1,UNC50,1
ATF1,C2orf15,1
ATF1,LIPT1,1
ATF1,MITD1,1
ATF1,LYG2,1
ATF1,LINC01918,1
ATF1,MRPS9,1
ATF1,GCC2,1
ATF1,RGPD6,1
ATF1,LINC02936,1
ATF1,DDX18,1
ATF1,INSIG2,1
ATF1,CCNT2-AS1,1
ATF1,MGAT5,1
ATF1,KIF5C-AS1,1
ATF1,LYPD6B,1
ATF1,TANK,1
ATF1,TLK1,1
ATF1,METTL8,1
ATF1,ITGA6-AS1,1
ATF1,WIPF1,1
ATF1,PRKRA,1
ATF1,TTN,1
ATF1,TTN-AS1,1
ATF1,DNAJC10,1
ATF1,CWC22,1
ATF1,ANKAR,1
ATF1,OSGEPL1,1
ATF1,OSGEPL1-AS1,1
ATF1,ORMDL1,1
ATF1,LINC01825,1
ATF1,ANKRD44,1
ATF1,ANKRD44-IT1,1
ATF1,BOLL,1
ATF1,SGO2,1
ATF1,NIF3L1,1
ATF1,PPIL3,1
ATF1,ORC2,1
ATF1,NDUFB3,1
ATF1,FAM117B,1
ATF1,CYP20A1,1
ATF1,PECR,1
ATF1,ARPC2,1
ATF1,CNOT9,1
ATF1,SP100,1
ATF1,B3GNT7,1
ATF1,LINC00471,1
ATF1,ECEL1,1
ATF1,INPP5D,1
ATF1,TRAF3IP1,1
ATF1,FARP2,1
ATF1,LINC03100,1
ATF1,PCMTD2,1
ATF1,TRIM7-AS1,1
ATF1,TMC2,1
ATF1,TMEM230,1
ATF1,SHLD1,1
ATF1,DZANK1,1
ATF1,SMIM26,1
ATF1,DTD1,1
ATF1,LINC00652,1
ATF1,LCDR,1
ATF1,ZNF337-AS1,1
ATF1,TTLL9,1
ATF1,COMMD7,1
ATF1,MAPRE1,1
ATF1,CBFA2T2,1
ATF1,EIF6,1
ATF1,UQCC1,1
ATF1,PHF20,1
ATF1,BLCAP,1
ATF1,LPIN3,1
ATF1,SRSF6,1
ATF1,L3MBTL1,1
ATF1,GTSF1L,1
ATF1,OSER1-DT,1
ATF1,LINC00494,1
ATF1,TRERNA1,1
ATF1,SLCO4A1-AS2,1
ATF1,DIDO1,1
ATF1,FNDC11,1
ATF1,MHENCR,1
ATF1,SRMS,1
ATF1,MAP3K7CL,1
ATF1,CFAP298,1
ATF1,C21orf62-AS1,1
ATF1,CBR1,1
ATF1,CBR3,1
ATF1,HLCS-IT1,1
ATF1,HLCS-AS1,1
ATF1,PIGP,1
ATF1,BACE2,1
ATF1,MX1,1
ATF1,WDR4,1
ATF1,HSF2BP,1
ATF1,ITGB2-AS1,1
ATF1,THAP7-AS1,1
ATF1,RAB36,1
ATF1,SLC2A11,1
ATF1,TFIP11-DT,1
ATF1,MIATNB,1
ATF1,HSCB,1
ATF1,NF2,1
ATF1,GAL3ST1,1
ATF1,DUSP18,1
ATF1,PISD,1
ATF1,SYN3,1
ATF1,SYN3-AS1,1
ATF1,IFT27,1
ATF1,CBY1,1
ATF1,APOBEC3C,1
ATF1,APOBEC3F,1
ATF1,APOBEC3G,1
ATF1,MEI1,1
ATF1,ARFGAP3,1
ATF1,BIK,1
ATF1,EFCAB6-DT,1
ATF1,FANCD2,1
ATF1,THUMPD3-AS1,1
ATF1,LHFPL4,1
ATF1,ARPC4,1
ATF1,OGG1,1
ATF1,TADA3,1
ATF1,CIDEC,1
ATF1,FANCD2OS,1
ATF1,LSM3,1
ATF1,TSEN2,1
ATF1,XPC,1
ATF1,SGO1-AS1,1
ATF1,KCNH8,1
ATF1,THRB,1
ATF1,THRB-AS1,1
ATF1,ZNF860,1
ATF1,LINC01811,1
ATF1,LINC02033,1
ATF1,EXOG,1
ATF1,TRAK1,1
ATF1,ZNF852,1
ATF1,LIMD1-AS1,1
ATF1,SACM1L,1
ATF1,LZTFL1,1
ATF1,CCR9,1
ATF1,CCDC12,1
ATF1,PRKAR2A-AS1,1
ATF1,SLC25A20,1
ATF1,RBM6,1
ATF1,PRKCD,1
ATF1,DNAH12,1
ATF1,ARF4-AS1,1
ATF1,ASB14,1
ATF1,PDHB,1
ATF1,SUCLG2-DT,1
ATF1,FOXP1,1
ATF1,DHFR2,1
ATF1,ARL6,1
ATF1,OR5K2,1
ATF1,ABHD10,1
ATF1,CD200,1
ATF1,BTLA,1
ATF1,ATG3,1
ATF1,CCDC80,1
ATF1,NEPRO-AS1,1
ATF1,CD200R1,1
ATF1,LINC02044,1
ATF1,BOC,1
ATF1,SIDT1-AS1,1
ATF1,GRAMD1C,1
ATF1,ZDHHC23,1
ATF1,HCLS1,1
ATF1,IQCB1,1
ATF1,EAF2,1
ATF1,SLC15A2,1
ATF1,WDR5B,1
ATF1,MYLK-AS1,1
ATF1,LINC02614,1
ATF1,MBD4,1
ATF1,IFT122P3,1
ATF1,CNBP,1
ATF1,BFSP2,1
ATF1,BFSP2-AS1,1
ATF1,NCK1-DT,1
ATF1,COPB2-DT,1
ATF1,HLTF,1
ATF1,HPS3,1
ATF1,CP,1
ATF1,LINC00886,1
ATF1,TRIM59,1
ATF1,SPTSSB,1
ATF1,SERPINI1,1
ATF1,MFN1,1
ATF1,NDUFB5,1
ATF1,TTC14,1
ATF1,PEX5L,1
ATF1,MCCC1,1
ATF1,KLHL6,1
ATF1,KLHL6-AS1,1
ATF1,MAP3K13,1
ATF1,LIPH,1
ATF1,LINC02043,1
ATF1,LINC02924,1
ATF1,TMEM44-AS1,1
ATF1,APOD,1
ATF1,NCBP2AS2,1
ATF1,ZDHHC19,1
ATF1,LRCH3,1
ATF1,IQCG,1
ATF1,PDE6B,1
ATF1,ATP5ME,1
ATF1,PCGF3,1
ATF1,CFAP99,1
ATF1,HTT-AS,1
ATF1,ADD1,1
ATF1,LINC02482,1
ATF1,FAM200B,1
ATF1,SLC34A2,1
ATF1,SEL1L3,1
ATF1,SMIM20,1
ATF1,PTTG2,1
ATF1,SMIM14,1
ATF1,COMMD8,1
ATF1,ATP10D,1
ATF1,CORIN,1
ATF1,CNGA1,1
ATF1,SGCB,1
ATF1,SPATA18,1
ATF1,AASDH,1
ATF1,STAP1,1
ATF1,UBA6-DT,1
ATF1,UGT2B17,1
ATF1,AMBN,1
ATF1,ENAM,1
ATF1,RUFY3,1
ATF1,DCK,1
ATF1,PARM1,1
ATF1,LINC02562,1
ATF1,SDAD1,1
ATF1,SDAD1-AS1,1
ATF1,PRDM8-AS1,1
ATF1,PPM1K-DT,1
ATF1,PPM1K,1
ATF1,HERC6,1
ATF1,CCSER1,1
ATF1,BANK1,1
ATF1,SLC9B1,1
ATF1,CYP2U1,1
ATF1,LRIT3,1
ATF1,SYNPO2,1
ATF1,FGF2,1
ATF1,LINC02435,1
ATF1,RAB33B-AS1,1
ATF1,SCOC-AS1,1
ATF1,GYPE,1
ATF1,TMEM154,1
ATF1,TMEM131L,1
ATF1,PLRG1,1
ATF1,MSMO1,1
ATF1,MARCHF1,1
ATF1,FAM218A,1
ATF1,CBR4,1
ATF1,FBXO8,1
ATF1,IRF2,1
ATF1,LINC02427,1
ATF1,LINC02365,1
ATF1,CYP4V2,1
ATF1,KLKB1,1
ATF1,CEP72-DT,1
ATF1,LINC01511,1
ATF1,LPCAT1,1
ATF1,LINC03067,1
ATF1,GMDS-DT,1
ATF1,FBXO4,1
ATF1,NIM1K,1
ATF1,TMEM267,1
ATF1,LINC01948,1
ATF1,C5orf67,1
ATF1,GAPT,1
ATF1,SMIM15-AS1,1
ATF1,ADAMTS6,1
ATF1,PPWD1,1
ATF1,MRPS36,1
ATF1,ANKRA2,1
ATF1,BDP1,1
ATF1,AGGF1,1
ATF1,SCAMP1-AS1,1
ATF1,CKMT2-AS1,1
ATF1,ACOT12,1
ATF1,ARRDC3,1
ATF1,TMEM161B-DT,1
ATF1,CHD1-DT,1
ATF1,ERAP2,1
ATF1,LIX1-AS1,1
ATF1,MARCHF3,1
ATF1,SNX2,1
ATF1,RAD50,1
ATF1,KIF3A,1
ATF1,ZCCHC10,1
ATF1,UQCRQ,1
ATF1,HSPA4,1
ATF1,FSTL4,1
ATF1,PKD2L2-DT,1
ATF1,MYOT,1
ATF1,FAM13B-AS1,1
ATF1,HMHB1,1
ATF1,FBXO38,1
ATF1,GRPEL2-AS1,1
ATF1,CD74,1
ATF1,RPS14,1
ATF1,SYNPO,1
ATF1,ZNF300,1
ATF1,SAP30L-AS1,1
ATF1,FAM114A2,1
ATF1,GALNT10,1
ATF1,FNDC9,1
ATF1,NIPAL4-DT,1
ATF1,ADAM19,1
ATF1,NIPAL4,1
ATF1,TTC1,1
ATF1,ARL10,1
ATF1,DDX41,1
ATF1,ZNF354A,1
ATF1,ZFP2,1
ATF1,BTNL9,1
ATF1,TRIM52,1
ATF1,DUSP22,1
ATF1,EXOC2,1
ATF1,FOXC1,1
ATF1,SERPINB9P1,1
ATF1,SERPINB9,1
ATF1,HULC,1
ATF1,TFAP2A,1
ATF1,USP45,1
ATF1,CDKAL1,1
ATF1,C6orf62,1
ATF1,ARMH2,1
ATF1,RIPOR2,1
ATF1,CARMIL1,1
ATF1,PRSS16,1
ATF1,DDR1,1
ATF1,BTNL2,1
ATF1,HLA-DRB5,1
ATF1,HLA-DRB1,1
ATF1,HLA-DQB1,1
ATF1,HLA-DQB1-AS1,1
ATF1,TAP2,1
ATF1,ITPR3,1
ATF1,GRM4,1
ATF1,FGD2,1
ATF1,RNF8,1
ATF1,TREML2,1
ATF1,ZNF318,1
ATF1,MRPS18A,1
ATF1,EFHC1,1
ATF1,KHDRBS2-OT1,1
ATF1,EYS,1
ATF1,LMBRD1,1
ATF1,COL19A1,1
ATF1,COL9A1,1
ATF1,DDX43,1
ATF1,MTO1,1
ATF1,FILIP1,1
ATF1,OOEP,1
ATF1,NT5E,1
ATF1,GJB7,1
ATF1,C6orf163,1
ATF1,SLC35A1,1
ATF1,RARS2,1
ATF1,ORC3,1
ATF1,GRIK2,1
ATF1,RTN4IP1,1
ATF1,SOBP,1
ATF1,ZBTB24-DT,1
ATF1,AK9,1
ATF1,FIG4,1
ATF1,CDK19,1
ATF1,REV3L-IT1,1
ATF1,NT5DC1,1
ATF1,TSPYL1,1
ATF1,CALHM6,1
ATF1,KPNA5,1
ATF1,FAM184A,1
ATF1,ENPP1,1
ATF1,HIVEP2-DT,1
ATF1,UST,1
ATF1,PLEKHG1,1
ATF1,ARMT1,1
ATF1,TMEM242,1
ATF1,ZDHHC14,1
ATF1,GTF2H5,1
ATF1,TULP4,1
ATF1,TBXT,1
ATF1,LNCDAT,1
ATF1,SFT2D1,1
ATF1,ERMARD,1
ATF1,LINC00242,1
ATF1,FAM120B,1
ATF1,PSMB1,1
ATF1,PRKAR1B-AS1,1
ATF1,GPR146,1
ATF1,PSMG3-AS1,1
ATF1,RSPH10B,1
ATF1,HDAC9,1
ATF1,ITGB8-AS1,1
ATF1,SP4,1
ATF1,RAPGEF5,1
ATF1,HYCC1,1
ATF1,WIPF3,1
ATF1,NT5C3A,1
ATF1,RP9,1
ATF1,BBS9,1
ATF1,LINC03013,1
ATF1,SEPTIN7-DT,1
ATF1,UBE2D4,1
ATF1,COA1,1
ATF1,MRPS24,1
ATF1,ZNF107,1
ATF1,ZNF138,1
ATF1,TPST1,1
ATF1,TMEM60,1
ATF1,DMTF1,1
ATF1,TP53TG1,1
ATF1,CROT,1
ATF1,ABCB4,1
ATF1,CDK14,1
ATF1,MTERF1,1
ATF1,AKAP9,1
ATF1,SAMD9,1
ATF1,SAMD9L,1
ATF1,ATP5MF,1
ATF1,ZNF655,1
ATF1,CYP3A5,1
ATF1,TRIM4,1
ATF1,SPDYE6,1
ATF1,ORAI2,1
ATF1,SPDYE2,1
ATF1,POLR2J3,1
ATF1,POLR2J2,1
ATF1,KMT2E-AS1,1
ATF1,DUS4L,1
ATF1,DUS4L-BCAP29,1
ATF1,THAP5,1
ATF1,LSM8,1
ATF1,AASS,1
ATF1,HYAL4,1
ATF1,PODXL,1
ATF1,AGBL3,1
ATF1,TMEM140,1
ATF1,FMC1,1
ATF1,KDM7A-DT,1
ATF1,PRSS37,1
ATF1,PIP,1
ATF1,CASP2,1
ATF1,CNTNAP2,1
ATF1,PAXIP1-AS2,1
ATF1,PAXIP1-DT,1
ATF1,RBM33-DT,1
ATF1,PTPRN2,1
ATF1,FBXO25,1
ATF1,ARHGEF10,1
ATF1,FAM167A,1
ATF1,FAM167A-AS1,1
ATF1,SLC35G5,1
ATF1,CNOT7,1
ATF1,ZDHHC2,1
ATF1,INTS10,1
ATF1,SH2D4A,1
ATF1,TNFRSF10A,1
ATF1,ADAM28,1
ATF1,ELP3,1
ATF1,HMBOX1,1
ATF1,PLEKHA2,1
ATF1,RNF170,1
ATF1,LINC02947,1
ATF1,PCMTD1-DT,1
ATF1,SLCO5A1-AS1,1
ATF1,LACTB2-AS1,1
ATF1,LACTB2,1
ATF1,UBE2W,1
ATF1,ZC2HC1A,1
ATF1,IL7,1
ATF1,MITA1,1
ATF1,CA13,1
ATF1,CA3,1
ATF1,CA3-AS1,1
ATF1,DECR1,1
ATF1,CALB1,1
ATF1,LINC00534,1
ATF1,LRRC69,1
ATF1,OTUD6B-AS1,1
ATF1,PLEKHF2,1
ATF1,CFAP418-AS1,1
ATF1,CFAP418,1
ATF1,MATN2,1
ATF1,ATP6V1C1,1
ATF1,DCAF13,1
ATF1,OXR1-AS1,1
ATF1,EBAG9,1
ATF1,RNF139-DT,1
ATF1,NDUFB9,1
ATF1,MTSS1,1
ATF1,ASAP1-IT2,1
ATF1,PTK2,1
ATF1,DOCK8,1
ATF1,KANK1,1
ATF1,INSL6,1
ATF1,SLC24A2,1
ATF1,IFNA5,1
ATF1,ACO1,1
ATF1,PAX5,1
ATF1,EBLN3P,1
ATF1,FBXO10,1
ATF1,TRMT10B,1
ATF1,GDA,1
ATF1,TUT7,1
ATF1,ERCC6L2-AS1,1
ATF1,SUGT1P4-STRA6LP,1
ATF1,MRPL50,1
ATF1,ABITRAM,1
ATF1,C9orf152,1
ATF1,MIR600HG,1
ATF1,AK8,1
ATF1,TSC1,1
ATF1,LINC02846,1
ATF1,DHRSX-IT1,1
ATF1,GPR143,1
ATF1,CLCN4,1
ATF1,PRPS2,1
ATF1,OFD1,1
ATF1,LINC01203,1
ATF1,GPM6B,1
ATF1,GK-IT1,1
ATF1,KRBOX4,1
ATF1,PIM2,1
ATF1,WDR45,1
ATF1,IL2RG,1
ATF1,ARMCX2,1
ATF1,ARMCX6,1
ATF1,RBM41,1
ATF1,FRMPD3,1
ATF1,PRPS1,1
ATF1,ALG13,1
ATF1,ALG13-AS1,1
ATF1,KDM5D,1
ATF3,KDM4A-AS1,1
ATF3,ATP1A1,1
ATF3,ATP1A1-AS1,1
ATF3,CD58,1
ATF3,IGSF3,1
ATF3,IRF2BP2,1
ATF3,UNC5B,1
ATF3,ZNF503,1
ATF3,LRMDA,1
ATF3,HTRA1,1
ATF3,OR52K2,1
ATF3,OR52K1,1
ATF3,EHBP1L1,1
ATF3,AP5B1,1
ATF3,SNX32,1
ATF3,FOSL1,1
ATF3,CATSPER1,1
ATF3,PLEKHG6,1
ATF3,LTBR,1
ATF3,NOP2,1
ATF3,CD4,1
ATF3,GPR162,1
ATF3,CRYL1,1
ATF3,XPO4,1
ATF3,CYSLTR2,1
ATF3,SLC24A4,1
ATF3,C15orf48,1
ATF3,SLC30A4-AS1,1
ATF3,DMXL2,1
ATF3,MLKL,1
ATF3,LDHD,1
ATF3,RCVRN,1
ATF3,GAS7,1
ATF3,ARSG,1
ATF3,SLC16A6,1
ATF3,FAM20A,1
ATF3,PPP4R1,1
ATF3,RAB31,1
ATF3,VAPA,1
ATF3,LINC01127,1
ATF3,IL1R2,1
ATF3,IL1R1,1
ATF3,IL1RL2,1
ATF3,IL1RN,1
ATF3,ZEB2-AS1,1
ATF3,LINC01412,1
ATF3,LINC02993,1
ATF3,GCA,1
ATF3,AGFG1,1
ATF3,LINC00189,1
ATF3,BACH1,1
ATF3,BACH1-IT1,1
ATF3,BACH1-AS1,1
ATF3,BACH1-IT2,1
ATF3,ETS2-AS1,1
ATF3,PPARG,1
ATF3,RAF1,1
ATF3,ABHD5,1
ATF3,SLC2A9,1
ATF3,ABRAXAS1,1
ATF3,GPAT3,1
ATF3,WDFY3,1
ATF3,DDX60L,1
ATF3,PALLD,1
ATF3,OSMR,1
ATF3,IL31RA,1
ATF3,IL6ST,1
ATF3,DCP2,1
ATF3,NR3C1,1
ATF3,SLC36A1,1
ATF3,FAXDC2,1
ATF3,REV3L,1
ATF3,VNN1,1
ATF3,VNN2,1
ATF3,AGPAT4,1
ATF3,MSR1,1
ATF3,CPQ,1
ATF3,PGM5,1
ATF3,LINC01506,1
ATF3,PTAR1,1
ATF3,S1PR3,1
ATF3,MEGF9,1
CDX2,LINC01447,1
CEBPA,A3GALT2,1
CEBPA,SRGAP2B,1
CEBPA,IL6R-AS1,1
CEBPA,UBE2Q1-AS1,1
CEBPA,CHRNB2,1
CEBPA,S100A12,1
CEBPA,PAQR6,1
CEBPA,LRRC71,1
CEBPA,MNDA,1
CEBPA,PTGS2,1
CEBPA,PLA2G4A,1
CEBPA,B3GALT2,1
CEBPA,LINC00862,1
CEBPA,ZNF281,1
CEBPA,SRGAP2,1
CEBPA,NLRP3,1
CEBPA,OR2B11,1
CEBPA,CELF2,1
CEBPA,KIAA1217,1
CEBPA,JCAD,1
CEBPA,NRP1,1
CEBPA,DDIT4,1
CEBPA,DNAJB12,1
CEBPA,PAPSS2,1
CEBPA,ERLIN1,1
CEBPA,SCD,1
CEBPA,TIAL1,1
CEBPA,HTRA1,1
CEBPA,CD44,1
CEBPA,CD44-AS1,1
CEBPA,CD82-AS1,1
CEBPA,LINC02701,1
CEBPA,TPCN2,1
CEBPA,CCND2,1
CEBPA,GAU1,1
CEBPA,LINC00937,1
CEBPA,CLEC6A,1
CEBPA,CLEC4D,1
CEBPA,CLEC4E,1
CEBPA,A2M-AS1,1
CEBPA,A2M,1
CEBPA,PZP,1
CEBPA,ETV6,1
CEBPA,MGST1,1
CEBPA,NCKAP5L,1
CEBPA,SP1,1
CEBPA,AMHR2,1
CEBPA,ATF7,1
CEBPA,NCKAP1L,1
CEBPA,PDE1B,1
CEBPA,PPP1R1A,1
CEBPA,ITGA7,1
CEBPA,CD63,1
CEBPA,MMP19,1
CEBPA,NAP1L1,1
CEBPA,CHST11,1
CEBPA,CMKLR1,1
CEBPA,RPH3A,1
CEBPA,GJB2,1
CEBPA,CRYL1,1
CEBPA,ZDHHC20,1
CEBPA,KCTD4,1
CEBPA,LPAR6,1
CEBPA,CYSLTR2,1
CEBPA,SPTLC2,1
CEBPA,ATXN3,1
CEBPA,SLC24A4,1
CEBPA,THBS1,1
CEBPA,THBS1-IT1,1
CEBPA,SLC12A1,1
CEBPA,LACTB,1
CEBPA,ANPEP,1
CEBPA,AP3S2,1
CEBPA,ARPIN,1
CEBPA,SPATA41,1
CEBPA,ASB7,1
CEBPA,ALDH1A3,1
CEBPA,GDE1,1
CEBPA,MMP2-AS1,1
CEBPA,LPCAT2,1
CEBPA,CAPNS2,1
CEBPA,GAN,1
CEBPA,TOP3A,1
CEBPA,LINC02076,1
CEBPA,CPD,1
CEBPA,PLCD3,1
CEBPA,SPAG9,1
CEBPA,MBTD1,1
CEBPA,MAP3K3,1
CEBPA,CPSF4L,1
CEBPA,CDC42EP4,1
CEBPA,MGC16275,1
CEBPA,TTYH2,1
CEBPA,CD300A,1
CEBPA,CD300LB,1
CEBPA,CD300C,1
CEBPA,CD300H,1
CEBPA,CD300LD,1
CEBPA,CD300LD-AS1,1
CEBPA,CD300E,1
CEBPA,CD300LF,1
CEBPA,TMEM104,1
CEBPA,GRIN2C,1
CEBPA,PPP4R1,1
CEBPA,RAB31,1
CEBPA,VAPA,1
CEBPA,PRAM1,1
CEBPA,ZNF558,1
CEBPA,CYP2S1,1
CEBPA,CD33,1
CEBPA,IGLON5,1
CEBPA,SIGLEC5,1
CEBPA,HAS1,1
CEBPA,FPR3,1
CEBPA,MAPRE3-AS1,1
CEBPA,TOGARAM2,1
CEBPA,CLIP4,1
CEBPA,BIRC6,1
CEBPA,BIRC6-AS1,1
CEBPA,SPR,1
CEBPA,EMX1,1
CEBPA,SFXN5,1
CEBPA,M1AP,1
CEBPA,HK2-DT,1
CEBPA,HK2,1
CEBPA,CCDC93,1
CEBPA,MARCO,1
CEBPA,KYNU,1
CEBPA,ZEB2,1
CEBPA,ZEB2-AS1,1
CEBPA,LINC01412,1
CEBPA,LINC02993,1
CEBPA,CACNB4,1
CEBPA,GPD2,1
CEBPA,CD302,1
CEBPA,GCA,1
CEBPA,STK17B,1
CEBPA,SIRPA,1
CEBPA,UBOX5-AS1,1
CEBPA,PLCB1,1
CEBPA,PLCB1-IT1,1
CEBPA,RIN2,1
CEBPA,MAFB,1
CEBPA,TOP1,1
CEBPA,LINC00189,1
CEBPA,BACH1,1
CEBPA,BACH1-IT1,1
CEBPA,BACH1-AS1,1
CEBPA,BACH1-IT2,1
CEBPA,ETS2,1
CEBPA,SULT4A1,1
CEBPA,PARVB,1
CEBPA,EGOT,1
CEBPA,BHLHE40,1
CEBPA,PPARG,1
CEBPA,RAF1,1
CEBPA,SLC4A7,1
CEBPA,DLEC1,1
CEBPA,FYCO1,1
CEBPA,CXCR6,1
CEBPA,CCR1,1
CEBPA,CCRL2,1
CEBPA,DUSP7,1
CEBPA,ESYT3,1
CEBPA,IL1RAP,1
CEBPA,CPEB2,1
CEBPA,C1QTNF7-AS1,1
CEBPA,CCDC149,1
CEBPA,LGI2,1
CEBPA,SEPSECS,1
CEBPA,CXCL1,1
CEBPA,EPGN,1
CEBPA,CXCL8,1
CEBPA,EREG,1
CEBPA,AREG,1
CEBPA,HPSE,1
CEBPA,GPAT3,1
CEBPA,WDFY3,1
CEBPA,SGMS2,1
CEBPA,CYP2U1-AS1,1
CEBPA,LINC02432,1
CEBPA,IL15,1
CEBPA,TLR2,1
CEBPA,SLC1A3,1
CEBPA,PDE4D,1
CEBPA,VCAN,1
CEBPA,VCAN-AS1,1
CEBPA,LUCAT1,1
CEBPA,ARRDC3-AS1,1
CEBPA,PDLIM4,1
CEBPA,SLC22A4,1
CEBPA,LINC02863,1
CEBPA,SHROOM1,1
CEBPA,CD14,1
CEBPA,ANKHD1,1
CEBPA,MYOZ3,1
CEBPA,HRH2,1
CEBPA,COL23A1,1
CEBPA,RNF130,1
CEBPA,SMIM13,1
CEBPA,ERVFRD-1,1
CEBPA,NEDD9,1
CEBPA,TMEM170B,1
CEBPA,IER3,1
CEBPA,HCG20,1
CEBPA,MAPK14,1
CEBPA,PNPLA1,1
CEBPA,KCTD20,1
CEBPA,SMPDL3A,1
CEBPA,IFNGR1,1
CEBPA,SIMALR,1
CEBPA,AGPAT4,1
CEBPA,SNX13,1
CEBPA,INHBA,1
CEBPA,INHBA-AS1,1
CEBPA,PRKAR2B,1
CEBPA,TRIM24,1
CEBPA,PRKAG2,1
CEBPA,PRKAG2-AS2,1
CEBPA,PRKAG2-AS1,1
CEBPA,GALNT11,1
CEBPA,KBTBD11,1
CEBPA,BNIP3L,1
CEBPA,NSMAF,1
CEBPA,ARFGEF1,1
CEBPA,PDP1,1
CEBPA,CPQ,1
CEBPA,CASC8,1
CEBPA,PGM5,1
CEBPA,CEMIP2,1
CEBPA,TRPM6,1
CEBPA,DAPK1,1
CEBPA,DAPK1-IT1,1
CEBPA,CTSL,1
CEBPA,MEGF9,1
CEBPA,FBXW2,1
CEBPA,C5,1
CEBPA,SETX,1
CEBPA,NACC2,1
CEBPB,A3GALT2,1
CEBPB,NOTCH2,1
CEBPB,SRGAP2B,1
CEBPB,NBPF14,1
CEBPB,NOTCH2NLC,1
CEBPB,NBPF19,1
CEBPB,IL6R-AS1,1
CEBPB,UBE2Q1-AS1,1
CEBPB,CHRNB2,1
CEBPB,S100A12,1
CEBPB,B3GALT2,1
CEBPB,NLRP3,1
CEBPB,OR2B11,1
CEBPB,PITRM1-AS1,1
CEBPB,CELF2,1
CEBPB,DDIT4,1
CEBPB,DNAJB12,1
CEBPB,PAPSS2,1
CEBPB,CD82-AS1,1
CEBPB,LINC02701,1
CEBPB,TPCN2,1
CEBPB,NCKAP5L,1
CEBPB,CMKLR1,1
CEBPB,GJB2,1
CEBPB,CRYL1,1
CEBPB,ZDHHC20,1
CEBPB,LPAR6,1
CEBPB,THBS1,1
CEBPB,THBS1-IT1,1
CEBPB,ANPEP,1
CEBPB,AP3S2,1
CEBPB,ARPIN,1
CEBPB,SPATA41,1
CEBPB,ASB7,1
CEBPB,ALDH1A3,1
CEBPB,GDE1,1
CEBPB,MMP2-AS1,1
CEBPB,LPCAT2,1
CEBPB,CAPNS2,1
CEBPB,CPSF4L,1
CEBPB,CDC42EP4,1
CEBPB,PPP4R1,1
CEBPB,RAB31,1
CEBPB,VAPA,1
CEBPB,MAPRE3-AS1,1
CEBPB,TOGARAM2,1
CEBPB,CLIP4,1
CEBPB,DYSF,1
CEBPB,CCDC93,1
CEBPB,KYNU,1
CEBPB,CD302,1
CEBPB,GCA,1
CEBPB,SIRPA,1
CEBPB,LINC00189,1
CEBPB,BACH1,1
CEBPB,BACH1-IT1,1
CEBPB,BACH1-AS1,1
CEBPB,BACH1-IT2,1
CEBPB,PPARG,1
CEBPB,RAF1,1
CEBPB,DLEC1,1
CEBPB,SLC22A13,1
CEBPB,FYCO1,1
CEBPB,CXCR6,1
CEBPB,CCR1,1
CEBPB,CCRL2,1
CEBPB,ACP3,1
CEBPB,DNAJC13,1
CEBPB,NPHP3-AS1,1
CEBPB,CPEB2,1
CEBPB,C1QTNF7-AS1,1
CEBPB,CCDC149,1
CEBPB,LGI2,1
CEBPB,SEPSECS,1
CEBPB,CXCL1,1
CEBPB,EPGN,1
CEBPB,CXCL8,1
CEBPB,EREG,1
CEBPB,AREG,1
CEBPB,CXCL9,1
CEBPB,HPSE,1
CEBPB,GPAT3,1
CEBPB,ABRAXAS1,1
CEBPB,VCAN,1
CEBPB,VCAN-AS1,1
CEBPB,LUCAT1,1
CEBPB,ARRDC3-AS1,1
CEBPB,ANKHD1,1
CEBPB,CD14,1
CEBPB,SMIM13,1
CEBPB,ERVFRD-1,1
CEBPB,NEDD9,1
CEBPB,TMEM170B,1
CEBPB,IFNGR1,1
CEBPB,SIMALR,1
CEBPB,PRKAG2,1
CEBPB,PRKAG2-AS2,1
CEBPB,PRKAG2-AS1,1
CEBPB,GALNT11,1
CEBPB,CSMD1,1
CEBPB,PDP1,1
CEBPB,CASC8,1
CEBPB,CEMIP2,1
CEBPB,TRPM6,1
CEBPB,DAPK1,1
CEBPB,DAPK1-IT1,1
CEBPB,CTSL,1
CEBPB,NACC2,1
CREM,FBXO22,1
CREM,KCNC1,1
CREM,SERGEF,1
ELF2,MRPL20-DT,1
ELF2,LINC01342,1
ELF2,RER1,1
ELF2,TNFRSF14-AS1,1
ELF2,TP73,1
ELF2,TP73-AS3,1
ELF2,RERE-AS1,1
ELF2,SLC2A5,1
ELF2,DNAJC16,1
ELF2,ALPL,1
ELF2,ELOA-AS1,1
ELF2,CNR2,1
ELF2,IFNLR1,1
ELF2,GRHL3,1
ELF2,CLIC4,1
ELF2,SYF2,1
ELF2,RSRP1,1
ELF2,CD52,1
ELF2,CRYBG2,1
ELF2,NR0B2,1
ELF2,FAM76A,1
ELF2,RPA2,1
ELF2,EYA3,1
ELF2,ATP5IF1,1
ELF2,TRNAU1AP,1
ELF2,SNHG12,1
ELF2,OPRD1,1
ELF2,TMEM39B,1
ELF2,TRAPPC3,1
ELF2,THRAP3,1
ELF2,MEAF6,1
ELF2,MANEAL,1
ELF2,INPP5B,1
ELF2,PABPC4,1
ELF2,NT5C1A,1
ELF2,HPCAL4,1
ELF2,CAP1,1
ELF2,TMCO2,1
ELF2,PPCS,1
ELF2,CCDC30,1
ELF2,SLC2A1-DT,1
ELF2,CFAP57,1
ELF2,ELOVL1,1
ELF2,HYI-AS1,1
ELF2,CCDC163,1
ELF2,TESK2,1
ELF2,ATPAF1,1
ELF2,TXNDC12,1
ELF2,TUT4,1
ELF2,LRP8-DT,1
ELF2,LINC02812,1
ELF2,TM2D1,1
ELF2,PATJ,1
ELF2,FPGT-TNNI3K,1
ELF2,FPGT,1
ELF2,RNPC3,1
ELF2,MSH4,1
ELF2,CCDC18-AS1,1
ELF2,AGL,1
ELF2,TRMT13,1
ELF2,DBT,1
ELF2,DPH5-DT,1
ELF2,VAV3-AS1,1
ELF2,LINC02785,1
ELF2,STRIP1,1
ELF2,DRAM2,1
ELF2,CEPT1,1
ELF2,DENND2D,1
ELF2,CHI3L2,1
ELF2,WNT2B,1
ELF2,CAPZA1,1
ELF2,SLC16A1-AS1,1
ELF2,LRIG2,1
ELF2,AP4B1,1
ELF2,BCAS2,1
ELF2,PTPN22,1
ELF2,SEC22B,1
ELF2,POLR3C,1
ELF2,ITGA10,1
ELF2,POLR3GL,1
ELF2,FMO5,1
ELF2,LINC00624,1
ELF2,VPS45,1
ELF2,NBPF11,1
ELF2,LINC01138,1
ELF2,LINC02988,1
ELF2,ANP32E,1
ELF2,C1orf54,1
ELF2,MRPS21,1
ELF2,LYSMD1,1
ELF2,C1orf56,1
ELF2,GABPB2,1
ELF2,TNFAIP8L2,1
ELF2,SCNM1,1
ELF2,PSMB4,1
ELF2,PSMD4,1
ELF2,S100A1,1
ELF2,CFAP141,1
ELF2,LENEP,1
ELF2,SLC50A1,1
ELF2,KRTCAP2,1
ELF2,RUSC1-AS1,1
ELF2,ASH1L-AS1,1
ELF2,KHDC4,1
ELF2,ARHGEF2-AS2,1
ELF2,LAMTOR2,1
ELF2,METTL25B,1
ELF2,FCRL3,1
ELF2,FCRL2,1
ELF2,FCRL1,1
ELF2,ATP1A2,1
ELF2,DCAF8-DT,1
ELF2,SLAMF6,1
ELF2,SLAMF1,1
ELF2,LY9,1
ELF2,TSTD1,1
ELF2,KLHDC9,1
ELF2,PPOX,1
ELF2,HSD17B7,1
ELF2,MGST3,1
ELF2,ALDH9A1,1
ELF2,TMCO1-AS1,1
ELF2,DCAF6,1
ELF2,BLZF1,1
ELF2,RABGAP1L,1
ELF2,RABGAP1L-AS1,1
ELF2,MRPS14,1
ELF2,ANGPTL1,1
ELF2,C1orf220,1
ELF2,RALGPS2-AS1,1
ELF2,RALGPS2,1
ELF2,MR1,1
ELF2,LINC01732,1
ELF2,KLHL12,1
ELF2,PIK3C2B,1
ELF2,MDM4,1
ELF2,LRRN2,1
ELF2,NFASC,1
ELF2,LEMD1-AS1,1
ELF2,MFSD4A,1
ELF2,RAB29,1
ELF2,IL24,1
ELF2,FCMR,1
ELF2,PIGR,1
ELF2,PFKFB2,1
ELF2,IL20,1
ELF2,CR1L,1
ELF2,RRP15,1
ELF2,LYPLAL1,1
ELF2,C1orf115,1
ELF2,MTARC2,1
ELF2,HHIPL2,1
ELF2,TAF1A-AS1,1
ELF2,AIDA,1
ELF2,BROX,1
ELF2,FAM177B,1
ELF2,DISP1,1
ELF2,DEGS1,1
ELF2,LINC01703,1
ELF2,ITPKB-IT1,1
ELF2,C1orf131,1
ELF2,COA6-AS1,1
ELF2,GGPS1,1
ELF2,ARID4B,1
ELF2,TBCE,1
ELF2,NFX1,1
ELF2,RBM34,1
ELF2,CATSPERE,1
ELF2,SDCCAG8,1
ELF2,CNST,1
ELF2,OR2T10,1
ELF2,PGBD2,1
ELF2,LINC00200,1
ELF2,LARP4B,1
ELF2,IL2RA,1
ELF2,ITIH2,1
ELF2,USP6NL,1
ELF2,CAMK1D,1
ELF2,CDC123,1
ELF2,DCLRE1C,1
ELF2,MEIG1,1
ELF2,PTER,1
ELF2,RSU1,1
ELF2,NSUN6,1
ELF2,COMMD3,1
ELF2,PIP4K2A,1
ELF2,ABI1,1
ELF2,MTPAP,1
ELF2,ZNF25-DT,1
ELF2,ZNF485,1
ELF2,ZNF32,1
ELF2,OR13A1,1
ELF2,ARID5B,1
ELF2,HERC4,1
ELF2,PALD1,1
ELF2,DNAJC9-AS1,1
ELF2,CFAP70,1
ELF2,PPP3CB-AS1,1
ELF2,FUT11,1
ELF2,TMEM254,1
ELF2,TMEM254-AS1,1
ELF2,PTEN,1
ELF2,STAMBPL1,1
ELF2,TNKS2-DT,1
ELF2,PDE6C,1
ELF2,GHITM,1
ELF2,ACSM6,1
ELF2,BLNK,1
ELF2,EXOSC1,1
ELF2,COX15,1
ELF2,ABCC2,1
ELF2,BLOC1S2,1
ELF2,HIF1AN,1
ELF2,OGA,1
ELF2,KCNIP2,1
ELF2,C10orf95-AS1,1
ELF2,CYP17A1,1
ELF2,WBP1L,1
ELF2,PDCD4,1
ELF2,SHOC2,1
ELF2,ACSL5,1
ELF2,ZDHHC6,1
ELF2,INPP5F,1
ELF2,CUZD1,1
ELF2,FAM24B,1
ELF2,C10orf88,1
ELF2,ACADSB,1
ELF2,LHPP,1
ELF2,C10orf143,1
ELF2,PRAP1,1
ELF2,IFITM2,1
ELF2,GATD1-DT,1
ELF2,TIMM10B,1
ELF2,TRIM22,1
ELF2,STK33,1
ELF2,TRIM66,1
ELF2,SWAP70,1
ELF2,RNF141,1
ELF2,IRAG1-AS1,1
ELF2,ZBED5,1
ELF2,ZBED5-AS1,1
ELF2,RRAS2,1
ELF2,TPH1,1
ELF2,SAA1,1
ELF2,LDHAL6A,1
ELF2,MISFA,1
ELF2,IGSF22,1
ELF2,CSRP3-AS1,1
ELF2,HTATIP2,1
ELF2,IMMP1L,1
ELF2,GAS2,1
ELF2,ARL14EP,1
ELF2,BDNF-AS,1
ELF2,HSD17B12,1
ELF2,TTC17,1
ELF2,CD82,1
ELF2,LINC02696,1
ELF2,HARBI1,1
ELF2,NUP160,1
ELF2,RAPSN,1
ELF2,AGBL2,1
ELF2,TIMM10,1
ELF2,UBE2L6,1
ELF2,LINC02739,1
ELF2,GLYATL1,1
ELF2,CD6,1
ELF2,CD5,1
ELF2,TMEM216,1
ELF2,TMEM179B,1
ELF2,DDB1,1
ELF2,PRPF19-DT,1
ELF2,LBHD1,1
ELF2,BSCL2,1
ELF2,GNG3,1
ELF2,POLR2G,1
ELF2,CSKMT,1
ELF2,TRMT112,1
ELF2,GPHA2,1
ELF2,MAJIN,1
ELF2,BATF2,1
ELF2,NAALADL1,1
ELF2,SLC25A45,1
ELF2,BBS1,1
ELF2,RBM4B,1
ELF2,POLD4,1
ELF2,CABP4,1
ELF2,TMEM134,1
ELF2,CCND1,1
ELF2,LTO1,1
ELF2,IL18BP,1
ELF2,XNDC1N,1
ELF2,PDE2A-AS2,1
ELF2,FCHSD2,1
ELF2,LINC02734,1
ELF2,RAB30,1
ELF2,RAB30-DT,1
ELF2,LINC02951,1
ELF2,TMEM126B,1
ELF2,HEPHL1,1
ELF2,ANKRD49,1
ELF2,GPR83,1
ELF2,LNCRNA-IUR,1
ELF2,C11orf65,1
ELF2,POU2AF3,1
ELF2,FDXACB1,1
ELF2,SDHD,1
ELF2,BCO2,1
ELF2,LINC02762,1
ELF2,TTC12,1
ELF2,PAFAH1B2,1
ELF2,BACE1-AS,1
ELF2,FXYD2,1
ELF2,ATP5MG,1
ELF2,KMT2A,1
ELF2,CXCR5,1
ELF2,TRAPPC4,1
ELF2,VPS11-DT,1
ELF2,MSANTD2-AS1,1
ELF2,CCDC15-DT,1
ELF2,MSANTD2,1
ELF2,KCNJ1,1
ELF2,TP53AIP1,1
ELF2,LINC02455,1
ELF2,DCP1B,1
ELF2,DYRK4,1
ELF2,CD27-AS1,1
ELF2,TAPBPL,1
ELF2,LPAR5,1
ELF2,VAMP1,1
ELF2,VAMP1-AS1,1
ELF2,MRPL51,1
ELF2,EMG1,1
ELF2,LINC00987,1
ELF2,ATF7IP,1
ELF2,GUCY2C,1
ELF2,C12orf60,1
ELF2,ETNK1,1
ELF2,DNAI7,1
ELF2,ETFRF1,1
ELF2,DENND5B,1
ELF2,IRAK4,1
ELF2,THAP2,1
ELF2,TMEM117,1
ELF2,TMTC3,1
ELF2,TMBIM6,1
ELF2,BCDIN3D,1
ELF2,ATF1,1
ELF2,TMPRSS12,1
ELF2,DAZAP2,1
ELF2,SMAGP,1
ELF2,CISTR,1
ELF2,HOXC4,1
ELF2,GTSF1,1
ELF2,RDH5,1
ELF2,ORMDL2,1
ELF2,STAT2,1
ELF2,GLS2,1
ELF2,R3HDM2,1
ELF2,ARHGAP9,1
ELF2,INHBE,1
ELF2,TSPAN31,1
ELF2,PIP4K2C,1
ELF2,AVIL,1
ELF2,KICS2,1
ELF2,SRGAP1,1
ELF2,RASSF3,1
ELF2,TMBIM4,1
ELF2,TMEM19,1
ELF2,GLIPR1L2,1
ELF2,POC1B,1
ELF2,GALNT4,1
ELF2,LTA4H,1
ELF2,SYCP3,1
ELF2,WASHC3,1
ELF2,NT5DC3,1
ELF2,ISCU,1
ELF2,USP30-AS1,1
ELF2,MVK,1
ELF2,GIT2,1
ELF2,C12orf76,1
ELF2,VPS29,1
ELF2,TCTN1,1
ELF2,HVCN1,1
ELF2,IQCD,1
ELF2,TPCN1,1
ELF2,DTX1,1
ELF2,OAS2,1
ELF2,OAS1,1
ELF2,RBM19,1
ELF2,POP5,1
ELF2,CFAP251,1
ELF2,VPS33A,1
ELF2,SNRNP35,1
ELF2,TMED2-DT,1
ELF2,TCTN2,1
ELF2,PUS1-AS1,1
ELF2,GOLGA3,1
ELF2,ZNF26,1
ELF2,PSPC1-AS2,1
ELF2,TPTE2,1
ELF2,PCOTH,1
ELF2,SPATA13-AS1,1
ELF2,CENPJ,1
ELF2,PAN3,1
ELF2,SLC46A3,1
ELF2,ALOX5AP,1
ELF2,LINC00398,1
ELF2,LINC00545,1
ELF2,N4BP2L1,1
ELF2,N4BP2L2,1
ELF2,NHLRC3,1
ELF2,MRPS31,1
ELF2,COG6,1
ELF2,CAB39L,1
ELF2,PHF11,1
ELF2,SPRYD7,1
ELF2,TRIM13,1
ELF2,KCNRG,1
ELF2,INTS6-AS1,1
ELF2,CKAP2-DT,1
ELF2,SUGT1-DT,1
ELF2,RBM26-AS1,1
ELF2,UBAC2-AS1,1
ELF2,GPR183,1
ELF2,CLYBL,1
ELF2,CLYBL-AS2,1
ELF2,METTL21EP,1
ELF2,ANKRD10,1
ELF2,TEX29,1
ELF2,GAS6-AS1,1
ELF2,ANG,1
ELF2,TOX4,1
ELF2,METTL3,1
ELF2,OXA1L-DT,1
ELF2,LINC02332,1
ELF2,C14orf119,1
ELF2,MDP1,1
ELF2,NEDD8,1
ELF2,NGDN,1
ELF2,DHRS1,1
ELF2,TINF2,1
ELF2,GZMB,1
ELF2,EAPP,1
ELF2,PRPF39,1
ELF2,KLHDC1,1
ELF2,VCPKMT,1
ELF2,DMAC2L,1
ELF2,LINC01588,1
ELF2,LINC00640,1
ELF2,AP5M1,1
ELF2,ACTR10,1
ELF2,PSMA3-AS1,1
ELF2,LINC01500,1
ELF2,L3HYPDH,1
ELF2,JKAMP,1
ELF2,CHURC1,1
ELF2,LINC02324,1
ELF2,HEATR4,1
ELF2,MIDEAS,1
ELF2,ISCA2,1
ELF2,ZC2HC1C,1
ELF2,IFT43,1
ELF2,DICER1-AS1,1
ELF2,GSKIP,1
ELF2,DEGS2,1
ELF2,PPP2R5C,1
ELF2,COA8,1
ELF2,COPDA1,1
ELF2,FAM30A,1
ELF2,LINC02250,1
ELF2,LINC03034,1
ELF2,SCG5-AS1,1
ELF2,EMC4,1
ELF2,NOP10,1
ELF2,GOLGA8B,1
ELF2,PAK6,1
ELF2,DISP2,1
ELF2,CCDC9B,1
ELF2,CCDC32,1
ELF2,SRP14-DT,1
ELF2,RAD51-AS1,1
ELF2,PPP1R14D,1
ELF2,KNL1,1
ELF2,CHP1,1
ELF2,CCNDBP1,1
ELF2,ELL3,1
ELF2,EIF3J-DT,1
ELF2,SPG11,1
ELF2,PATL2,1
ELF2,B2M,1
ELF2,TRIM69,1
ELF2,DUOX1,1
ELF2,GATM,1
ELF2,SLC30A4,1
ELF2,SQOR,1
ELF2,ATOSA,1
ELF2,PIGB,1
ELF2,RORA-AS1,1
ELF2,RPS27L,1
ELF2,APH1B,1
ELF2,RBPMS2,1
ELF2,MTFMT,1
ELF2,DPP8,1
ELF2,DENND4A,1
ELF2,LINC02896,1
ELF2,HEXA,1
ELF2,BBS4,1
ELF2,UBL7-DT,1
ELF2,SEMA7A,1
ELF2,CTSH,1
ELF2,RASGRF1,1
ELF2,ST20,1
ELF2,MESD,1
ELF2,SAXO2,1
ELF2,GOLGA6L10,1
ELF2,GOLGA6L9,1
ELF2,SNHG21,1
ELF2,C15orf40,1
ELF2,ISG20,1
ELF2,PEX11A,1
ELF2,SEMA4B,1
ELF2,GDPGP1,1
ELF2,CRTC3-AS1,1
ELF2,SELENOS,1
ELF2,TARS3,1
ELF2,WASIR2,1
ELF2,CCDC154,1
ELF2,BAIAP3,1
ELF2,ECI1-AS1,1
ELF2,ERVK13-1,1
ELF2,ZNF213-AS1,1
ELF2,ZNF75A,1
ELF2,OR2C1,1
ELF2,CLUAP1,1
ELF2,LINC02861,1
ELF2,TMEM186,1
ELF2,NUBP1,1
ELF2,SNX29,1
ELF2,MARF1,1
ELF2,NOMO2,1
ELF2,NPIPB3,1
ELF2,SLC5A11,1
ELF2,LCMT1-AS1,1
ELF2,IL4R,1
ELF2,IL21R-AS1,1
ELF2,NPIPB7,1
ELF2,NPIPB8,1
ELF2,NPIPB11,1
ELF2,C16orf54,1
ELF2,YPEL3-DT,1
ELF2,ZNF747-DT,1
ELF2,RUSF1-DT,1
ELF2,KRBOX5,1
ELF2,PHKB,1
ELF2,LONP2,1
ELF2,DNAJA2-DT,1
ELF2,RBL2,1
ELF2,BBS2,1
ELF2,HERPUD1,1
ELF2,CCDC113,1
ELF2,CNOT1,1
ELF2,CIAO2B,1
ELF2,TRADD,1
ELF2,ATP6V0D1-DT,1
ELF2,DPEP2,1
ELF2,DUS2,1
ELF2,ESRP2,1
ELF2,ZNF19,1
ELF2,ZNF23,1
ELF2,TAT-AS1,1
ELF2,PHLPP2,1
ELF2,IST1,1
ELF2,GLG1,1
ELF2,CHST6,1
ELF2,CPHXL2,1
ELF2,DUXB,1
ELF2,NUDT7,1
ELF2,PKD1L2,1
ELF2,GAN,1
ELF2,PLCG2,1
ELF2,SDR42E1,1
ELF2,CDH13-AS2,1
ELF2,HSDL1,1
ELF2,IRF8,1
ELF2,C16orf95-DT,1
ELF2,ACSF3,1
ELF2,MC1R,1
ELF2,SPIRE2,1
ELF2,DEF8,1
ELF2,WDR81,1
ELF2,ITGAE,1
ELF2,MED11,1
ELF2,SPAG7,1
ELF2,ZFP3,1
ELF2,ZNF232-AS1,1
ELF2,USP6,1
ELF2,ZNF594,1
ELF2,ZNF594-DT,1
ELF2,ZNF232,1
ELF2,SCIMP,1
ELF2,RABEP1,1
ELF2,RPAIN,1
ELF2,DERL2,1
ELF2,MED31,1
ELF2,C17orf100,1
ELF2,SLC13A5,1
ELF2,ALOX12-AS1,1
ELF2,CD68,1
ELF2,TRAPPC1,1
ELF2,TMEM107,1
ELF2,LINC00324,1
ELF2,ADPRM,1
ELF2,TMEM220-AS1,1
ELF2,ARHGAP44,1
ELF2,MPRIP-AS1,1
ELF2,FLCN,1
ELF2,LGALS9C,1
ELF2,TVP23B,1
ELF2,PRPSAP2,1
ELF2,GRAPL,1
ELF2,AKAP10,1
ELF2,CRLF3,1
ELF2,TEFM,1
ELF2,SNHG30,1
ELF2,SYNRG,1
ELF2,ARL5C,1
ELF2,IKZF3,1
ELF2,ZPBP2,1
ELF2,GSDMB,1
ELF2,CCR7,1
ELF2,KLHL10,1
ELF2,KCNH4,1
ELF2,COA3,1
ELF2,BECN1,1
ELF2,NBR2,1
ELF2,LINC00910,1
ELF2,ARL4D,1
ELF2,ATXN7L3-AS1,1
ELF2,KANSL1-AS1,1
ELF2,ARL17B,1
ELF2,NSF,1
ELF2,WNT3,1
ELF2,CDK5RAP3,1
ELF2,NFE2L1-DT,1
ELF2,SKAP1,1
ELF2,HOXB7,1
ELF2,CALCOCO2,1
ELF2,ATP5MC1,1
ELF2,GNGT2,1
ELF2,ITGA3,1
ELF2,SGCA,1
ELF2,LUC7L3,1
ELF2,SUPT4H1,1
ELF2,MTMR4,1
ELF2,SEPTIN4-AS1,1
ELF2,TUBD1,1
ELF2,HEATR6-DT,1
ELF2,GH1,1
ELF2,ICAM2,1
ELF2,POLG2,1
ELF2,AMZ2,1
ELF2,SDK2,1
ELF2,GRB2,1
ELF2,SLC25A19,1
ELF2,JPT1,1
ELF2,METTL23,1
ELF2,SNHG20,1
ELF2,LINC01978,1
ELF2,TSPAN10,1
ELF2,ARL16,1
ELF2,METTL4,1
ELF2,MYOM1,1
ELF2,MYL12A,1
ELF2,DLGAP1-AS1,1
ELF2,LINC00526,1
ELF2,LINC00667,1
ELF2,FAM210A,1
ELF2,RMC1,1
ELF2,PSMA8,1
ELF2,ZNF397,1
ELF2,ELP2,1
ELF2,RPRD1A,1
ELF2,ST8SIA5,1
ELF2,ATP8B1-AS1,1
ELF2,ATP8B1,1
ELF2,CNDP2,1
ELF2,ZNF407-AS1,1
ELF2,GALR1,1
ELF2,NFATC1,1
ELF2,LINC03101,1
ELF2,MADCAM1,1
ELF2,MADCAM1-AS1,1
ELF2,UQCR11,1
ELF2,MEX3D,1
ELF2,DIRAS1,1
ELF2,LSM7,1
ELF2,MOB3A,1
ELF2,AMH,1
ELF2,ZNF57,1
ELF2,ZNF77,1
ELF2,EBI3,1
ELF2,PTPRS,1
ELF2,CD70,1
ELF2,ZNF557,1
ELF2,ARHGEF18-AS1,1
ELF2,FCER2,1
ELF2,ZNF559,1
ELF2,ZNF559-ZNF177,1
ELF2,ZNF266,1
ELF2,ZNF426,1
ELF2,OR7D2,1
ELF2,ZNF846,1
ELF2,UBL5,1
ELF2,ANGPTL6,1
ELF2,S1PR2,1
ELF2,DOCK6-AS1,1
ELF2,SWSAP1,1
ELF2,RGL3,1
ELF2,ACP5,1
ELF2,ZNF441,1
ELF2,ZNF439,1
ELF2,ZNF700,1
ELF2,ZNF763,1
ELF2,ZNF563,1
ELF2,ZNF442,1
ELF2,ZNF490,1
ELF2,ZNF791,1
ELF2,PRDX2,1
ELF2,LINC02926,1
ELF2,PCBP1-AS1,1
ELF2,BISPR,1
ELF2,USE1,1
ELF2,MAST3,1
ELF2,SLC25A42,1
ELF2,MEF2B,1
ELF2,ZNF506,1
ELF2,POP4,1
ELF2,RHPN2,1
ELF2,NUDT19,1
ELF2,GARRE1,1
ELF2,ZNF302,1
ELF2,LINC02965,1
ELF2,LINC03049,1
ELF2,ZNF30,1
ELF2,FAM187B,1
ELF2,PSENEN,1
ELF2,LIN37,1
ELF2,DMKN,1
ELF2,IGFLR1,1
ELF2,HAUS5-DT,1
ELF2,ZBTB32,1
ELF2,ZNF566,1
ELF2,ZNF260,1
ELF2,ZNF529-AS1,1
ELF2,ZNF382,1
ELF2,ZNF567-DT,1
ELF2,ZNF790-AS1,1
ELF2,ZNF345,1
ELF2,ZNF829,1
ELF2,ZNF568,1
ELF2,ZNF383,1
ELF2,CYB561D2,1
ELF2,ZNF420,1
ELF2,ZNF585A,1
ELF2,ZNF585B,1
ELF2,LINC01535,1
ELF2,ZNF224,1
ELF2,ZNF528,1
ELF2,ZNF582-DT,1
ELF2,ZNF583,1
ELF2,ZNF667-AS1,1
ELF2,ZNF547,1
ELF2,TRAPPC2B,1
ELF2,ZNF573,1
ELF2,DPF1,1
ELF2,MAP4K1-AS1,1
ELF2,SIPA1L3,1
ELF2,MAP4K1,1
ELF2,CAPN12,1
ELF2,RINL,1
ELF2,GMFG,1
ELF2,RPS19,1
ELF2,ZNF546,1
ELF2,LINC01480,1
ELF2,CEACAM21,1
ELF2,LNROP,1
ELF2,POU2F2-AS2,1
ELF2,CNFN,1
ELF2,ZNF404,1
ELF2,ZNF155,1
ELF2,ZNF284,1
ELF2,ZNF234,1
ELF2,ZNF226,1
ELF2,ZNF45,1
ELF2,ZNF230-DT,1
ELF2,ZNF227,1
ELF2,ZNF233,1
ELF2,ZNF221,1
ELF2,ZNF230,1
ELF2,ZNF285,1
ELF2,ZNF180,1
ELF2,TRAPPC6A,1
ELF2,BLOC1S3,1
ELF2,GEMIN7-AS1,1
ELF2,SNRPD2,1
ELF2,PPP1R13L,1
ELF2,SIX5,1
ELF2,FBXO46,1
ELF2,DM1-AS,1
ELF2,ZC3H4,1
ELF2,CARD8,1
ELF2,CARD8-AS1,1
ELF2,SLC6A16,1
ELF2,CD37,1
ELF2,TEAD2,1
ELF2,DKKL1,1
ELF2,KLK4,1
ELF2,ZNF175,1
ELF2,SIGLEC6,1
ELF2,SIGLEC5,1
ELF2,ZNF836,1
ELF2,ZNF766,1
ELF2,ZNF480,1
ELF2,ZNF880,1
ELF2,ZNF528-AS1,1
ELF2,ZNF578,1
ELF2,ZNF701,1
ELF2,ZNF83,1
ELF2,ZNF611,1
ELF2,ZNF600,1
ELF2,ZNF28,1
ELF2,ZNF468,1
ELF2,ZNF888-AS1,1
ELF2,ZNF816,1
ELF2,ZNF160,1
ELF2,ZNF415,1
ELF2,ZNF347,1
ELF2,ZNF677,1
ELF2,ZNF761,1
ELF2,ZNF765,1
ELF2,LENG8-AS1,1
ELF2,LILRB1,1
ELF2,LILRB1-AS1,1
ELF2,NLRP9,1
ELF2,RFPL4A,1
ELF2,ZNF470-DT,1
ELF2,ZFP28,1
ELF2,ZNF835,1
ELF2,AURKC,1
ELF2,ZNF549,1
ELF2,ZNF606,1
ELF2,ZNF460-AS1,1
ELF2,ZNF548,1
ELF2,VN1R1,1
ELF2,ZNF419,1
ELF2,ZNF814,1
ELF2,ZNF606-AS1,1
ELF2,ZNF154,1
ELF2,ZNF418,1
ELF2,C19orf18,1
ELF2,ZNF540,1
ELF2,ACP1,1
ELF2,ALKAL2,1
ELF2,SMC6,1
ELF2,TTC32,1
ELF2,WDR35,1
ELF2,GDF7,1
ELF2,PTRHD1,1
ELF2,ITSN2,1
ELF2,OST4,1
ELF2,ATRAID,1
ELF2,MPV17,1
ELF2,ZNF512,1
ELF2,LCLAT1,1
ELF2,HEATR5B,1
ELF2,GPATCH11,1
ELF2,RMDN2,1
ELF2,EML4-AS1,1
ELF2,EML4,1
ELF2,LINC01118,1
ELF2,PPP1R21,1
ELF2,CLHC1,1
ELF2,PUS10,1
ELF2,C2orf74-DT,1
ELF2,SLC1A4,1
ELF2,LINC02576,1
ELF2,AFTPH,1
ELF2,ETAA1,1
ELF2,C2orf42,1
ELF2,MCEE,1
ELF2,PAIP2B,1
ELF2,WDR54,1
ELF2,DGUOK,1
ELF2,DUSP11,1
ELF2,SLC4A5,1
ELF2,PCGF1,1
ELF2,STAMBP,1
ELF2,TLX2,1
ELF2,DQX1,1
ELF2,SH2D6,1
ELF2,RNF181,1
ELF2,PTCD3,1
ELF2,C2orf68,1
ELF2,ZNF2,1
ELF2,COX5B,1
ELF2,TSGA10,1
ELF2,C2orf15,1
ELF2,LIPT1,1
ELF2,MITD1,1
ELF2,LYG2,1
ELF2,UNC50,1
ELF2,MRPS9,1
ELF2,LINC01918,1
ELF2,MRPS9-AS1,1
ELF2,GCC2,1
ELF2,ACTR3-AS1,1
ELF2,INSIG2,1
ELF2,MAP3K2-DT,1
ELF2,CCDC115,1
ELF2,CXCR4,1
ELF2,DARS1,1
ELF2,DARS1-AS1,1
ELF2,KIF5C-AS1,1
ELF2,STAM2,1
ELF2,TANK,1
ELF2,KLHL41,1
ELF2,PHOSPHO2,1
ELF2,TLK1,1
ELF2,METTL8,1
ELF2,RBM45,1
ELF2,ANKAR,1
ELF2,OSGEPL1,1
ELF2,OSGEPL1-AS1,1
ELF2,ORMDL1,1
ELF2,ANKRD44-IT1,1
ELF2,PPIL3,1
ELF2,ORC2,1
ELF2,NDUFB3,1
ELF2,CREB1,1
ELF2,KANSL1L-AS1,1
ELF2,PECR,1
ELF2,DIRC3-AS1,1
ELF2,ARPC2,1
ELF2,CNOT9,1
ELF2,WNT6,1
ELF2,SLC23A3,1
ELF2,RHBDD1,1
ELF2,SP100,1
ELF2,SP140,1
ELF2,SP140L,1
ELF2,B3GNT7,1
ELF2,TRAF3IP1,1
ELF2,HDAC4-AS1,1
ELF2,MTERF4,1
ELF2,FARP2,1
ELF2,LINC03100,1
ELF2,PCMTD2,1
ELF2,TRIM7-AS1,1
ELF2,TMC2,1
ELF2,IDH3B,1
ELF2,TMEM230,1
ELF2,SHLD1,1
ELF2,TASP1,1
ELF2,DZANK1,1
ELF2,SMIM26,1
ELF2,LINC00652,1
ELF2,LCDR,1
ELF2,DTD1,1
ELF2,PET117,1
ELF2,CFAP61,1
ELF2,BCL2L1-AS1,1
ELF2,KIF3B,1
ELF2,CBFA2T2,1
ELF2,PXMP4,1
ELF2,ITCH-IT1,1
ELF2,UQCC1,1
ELF2,CEP250,1
ELF2,BLCAP,1
ELF2,LPIN3,1
ELF2,TTPAL,1
ELF2,PKIG,1
ELF2,OSER1-DT,1
ELF2,SRSF6,1
ELF2,CD40,1
ELF2,TRERNA1,1
ELF2,PARD6B,1
ELF2,ADNP,1
ELF2,KCNG1,1
ELF2,BCAS4,1
ELF2,PRELID3B,1
ELF2,NELFCD,1
ELF2,FNDC11,1
ELF2,MHENCR,1
ELF2,MIR155HG,1
ELF2,ATP5PF,1
ELF2,APP-DT,1
ELF2,N6AMT1,1
ELF2,RWDD2B,1
ELF2,URB1-AS1,1
ELF2,CFAP298,1
ELF2,C21orf62-AS1,1
ELF2,IFNAR1,1
ELF2,CRYZL1,1
ELF2,CBR3,1
ELF2,CBR1,1
ELF2,DOP1B,1
ELF2,HLCS-IT1,1
ELF2,HLCS-AS1,1
ELF2,PIGP,1
ELF2,NDUFV3,1
ELF2,PKNOX1,1
ELF2,CBS,1
ELF2,HSF2BP,1
ELF2,GATD3,1
ELF2,ITGB2-AS1,1
ELF2,MRPL40,1
ELF2,THAP7-AS1,1
ELF2,GNAZ,1
ELF2,RAB36,1
ELF2,SLC2A11,1
ELF2,HPS4,1
ELF2,TFIP11-DT,1
ELF2,MIATNB,1
ELF2,UQCR10,1
ELF2,NF2,1
ELF2,GAL3ST1,1
ELF2,PISD,1
ELF2,SYN3,1
ELF2,SYN3-AS1,1
ELF2,LARGE1,1
ELF2,APOL2,1
ELF2,NCF4-AS1,1
ELF2,TMPRSS6,1
ELF2,IL2RB,1
ELF2,C1QTNF6,1
ELF2,SSTR3,1
ELF2,CBY1,1
ELF2,APOBEC3C,1
ELF2,APOBEC3F,1
ELF2,APOBEC3G,1
ELF2,APOBEC3D,1
ELF2,TNRC6B,1
ELF2,MGAT3,1
ELF2,MGAT3-AS1,1
ELF2,TNFRSF13C,1
ELF2,MEI1,1
ELF2,WBP2NL,1
ELF2,EFCAB6-DT,1
ELF2,PRR34-AS1,1
ELF2,PKDREJ,1
ELF2,CRBN,1
ELF2,THUMPD3-AS1,1
ELF2,LHFPL4,1
ELF2,FANCD2,1
ELF2,ARPC4,1
ELF2,CIDEC,1
ELF2,FANCD2OS,1
ELF2,CCDC174,1
ELF2,TSEN2,1
ELF2,XPC,1
ELF2,LSM3,1
ELF2,EFHB,1
ELF2,SGO1-AS1,1
ELF2,KCNH8,1
ELF2,THRB,1
ELF2,EXOG,1
ELF2,ENTPD3-AS1,1
ELF2,SS18L2,1
ELF2,TRAK1,1
ELF2,ZNF852,1
ELF2,ZNF502,1
ELF2,TMEM42,1
ELF2,LIMD1-AS1,1
ELF2,PRKAR2A-AS1,1
ELF2,TCTA,1
ELF2,RBM6,1
ELF2,TWF2-DT,1
ELF2,DNAH12,1
ELF2,ARF4-AS1,1
ELF2,LINC00960,1
ELF2,ZNF717,1
ELF2,DHFR2,1
ELF2,ARL6,1
ELF2,CEP63,1
ELF2,NIT2,1
ELF2,SENP7,1
ELF2,DZIP3,1
ELF2,CD47,1
ELF2,IFT57,1
ELF2,BBX,1
ELF2,CD200,1
ELF2,BTLA,1
ELF2,ATG3,1
ELF2,CCDC80,1
ELF2,NEPRO-AS1,1
ELF2,GRAMD1C,1
ELF2,ZDHHC23,1
ELF2,POGLUT1,1
ELF2,POPDC2,1
ELF2,HCLS1,1
ELF2,IQCB1,1
ELF2,EAF2,1
ELF2,SLC15A2,1
ELF2,SEC22A,1
ELF2,HACD2,1
ELF2,LINC02614,1
ELF2,CNBP,1
ELF2,MBD4,1
ELF2,ASTE1,1
ELF2,NEK11,1
ELF2,ACAD11,1
ELF2,COPB2-DT,1
ELF2,RBP2,1
ELF2,ZBTB38,1
ELF2,RASA2,1
ELF2,RASA2-IT1,1
ELF2,HPS3,1
ELF2,CP,1
ELF2,LINC00886,1
ELF2,SERPINI1,1
ELF2,MFN1,1
ELF2,NDUFB5,1
ELF2,TTC14,1
ELF2,C3orf70,1
ELF2,CRYGS,1
ELF2,ST6GAL1,1
ELF2,RTP4,1
ELF2,OSTN,1
ELF2,TMEM44-AS1,1
ELF2,LRCH3,1
ELF2,ZNF141,1
ELF2,PDE6B,1
ELF2,ATP5ME,1
ELF2,PCGF3,1
ELF2,LETM1,1
ELF2,CFAP99,1
ELF2,HTT-AS,1
ELF2,ADD1,1
ELF2,TMEM128,1
ELF2,LINC02482,1
ELF2,TAPT1,1
ELF2,TAPT1-AS1,1
ELF2,SEPSECS-AS1,1
ELF2,ANAPC4,1
ELF2,SEL1L3,1
ELF2,SMIM20,1
ELF2,TLR10,1
ELF2,TMEM156,1
ELF2,TLR6,1
ELF2,KLHL5,1
ELF2,UGDH-AS1,1
ELF2,SMIM14,1
ELF2,DCAF4L1,1
ELF2,STAP1,1
ELF2,RUFY3,1
ELF2,SDAD1,1
ELF2,SDAD1-AS1,1
ELF2,MRPS18C,1
ELF2,PPM1K,1
ELF2,PPM1K-DT,1
ELF2,HERC6,1
ELF2,DAPP1,1
ELF2,RAP1GDS1,1
ELF2,H2AZ1,1
ELF2,DDIT4L,1
ELF2,LRIT3,1
ELF2,CYP2U1,1
ELF2,UGT8,1
ELF2,METTL14-DT,1
ELF2,METTL14,1
ELF2,SYNPO2,1
ELF2,C4orf3,1
ELF2,NDUFC1,1
ELF2,SCOC-AS1,1
ELF2,LINC01095,1
ELF2,LSM6,1
ELF2,TMEM154,1
ELF2,FHDC1,1
ELF2,MARCHF1,1
ELF2,MSMO1,1
ELF2,FAM218A,1
ELF2,FBXO8,1
ELF2,IRF2,1
ELF2,LINC02427,1
ELF2,LINC02365,1
ELF2,LRP2BP,1
ELF2,LRP2BP-AS1,1
ELF2,LINC03067,1
ELF2,TTC23L,1
ELF2,SLC1A3-AS1,1
ELF2,FBXO4,1
ELF2,TMEM267,1
ELF2,GPBP1,1
ELF2,GAPT,1
ELF2,DIMT1,1
ELF2,PPWD1,1
ELF2,MRPS36,1
ELF2,RAD17,1
ELF2,BDP1,1
ELF2,ANKRA2,1
ELF2,MTX3,1
ELF2,ERAP2,1
ELF2,LIX1-AS1,1
ELF2,LIX1,1
ELF2,GIN1,1
ELF2,TNFAIP8,1
ELF2,SRP19,1
ELF2,REEP5,1
ELF2,PGGT1B,1
ELF2,CSNK1G3,1
ELF2,SNX2,1
ELF2,MARCHF3,1
ELF2,C5orf63,1
ELF2,SLC12A2,1
ELF2,RAD50,1
ELF2,KIF3A,1
ELF2,UQCRQ,1
ELF2,HSPA4,1
ELF2,MATR3,1
ELF2,IGIP,1
ELF2,HARS2,1
ELF2,IK,1
ELF2,PCDHGA6,1
ELF2,PCDHGA7,1
ELF2,PCDHGA8,1
ELF2,PCDHGA10,1
ELF2,RNF14,1
ELF2,MAT2B,1
ELF2,GRPEL2-AS1,1
ELF2,CD74,1
ELF2,RPS14,1
ELF2,ZNF300,1
ELF2,CLMAT3,1
ELF2,SAP30L-AS1,1
ELF2,MED7,1
ELF2,FNDC9,1
ELF2,NIPAL4-DT,1
ELF2,ADAM19,1
ELF2,NIPAL4,1
ELF2,TTC1,1
ELF2,RPL26L1-AS1,1
ELF2,ATP6V0E1,1
ELF2,ARL10,1
ELF2,SNCB,1
ELF2,HNRNPH1,1
ELF2,TRIM52,1
ELF2,EXOC2,1
ELF2,SERPINB9P1,1
ELF2,SERPINB9,1
ELF2,BPHL,1
ELF2,PXDC1,1
ELF2,NRN1,1
ELF2,DSP-AS1,1
ELF2,DSP,1
ELF2,HULC,1
ELF2,TFAP2A,1
ELF2,TMEM14B-DT,1
ELF2,C6orf62,1
ELF2,ARMH2,1
ELF2,RIPOR2,1
ELF2,MRS2,1
ELF2,CARMIL1,1
ELF2,TRIM38,1
ELF2,BTN2A2,1
ELF2,BTN3A2,1
ELF2,BTN3A3,1
ELF2,HMGN4,1
ELF2,BTN1A1,1
ELF2,H4C4,1
ELF2,H2AC14,1
ELF2,H4C13,1
ELF2,PRSS16,1
ELF2,ZNF165,1
ELF2,ZSCAN16,1
ELF2,ZSCAN26,1
ELF2,HCG18,1
ELF2,HLA-F,1
ELF2,HLA-E,1
ELF2,RPP21,1
ELF2,MRPS18B,1
ELF2,PSORS1C3,1
ELF2,NCR3,1
ELF2,PPP1R11,1
ELF2,SNHG32,1
ELF2,TSBP1-AS1,1
ELF2,PSMB8-AS1,1
ELF2,PSMB9,1
ELF2,CLIC1,1
ELF2,HLA-DRB1,1
ELF2,HLA-DQA1,1
ELF2,HLA-DQB1,1
ELF2,HLA-DQB1-AS1,1
ELF2,HLA-DQA2,1
ELF2,HLA-DQB2,1
ELF2,HLA-DOB,1
ELF2,HLA-DMB,1
ELF2,HLA-DMA,1
ELF2,HLA-DOA,1
ELF2,HLA-DRA,1
ELF2,HLA-DPA1,1
ELF2,HLA-DPB1,1
ELF2,HCG25,1
ELF2,HCG24,1
ELF2,SMIM29,1
ELF2,ILRUN-AS1,1
ELF2,SCUBE3-AS1,1
ELF2,CPNE5,1
ELF2,FGD2,1
ELF2,TBCC,1
ELF2,MEA1,1
ELF2,MRPL14,1
ELF2,GCM1,1
ELF2,ELOVL5,1
ELF2,LMBRD1,1
ELF2,COL19A1,1
ELF2,DDX43,1
ELF2,MTO1,1
ELF2,MRAP2,1
ELF2,MDN1-AS1,1
ELF2,ORC3,1
ELF2,USP45,1
ELF2,ZBTB24-DT,1
ELF2,AK9,1
ELF2,FIG4,1
ELF2,NT5DC1,1
ELF2,TSPYL1,1
ELF2,CALHM6,1
ELF2,KPNA5,1
ELF2,HIVEP2-DT,1
ELF2,PEX3,1
ELF2,PLEKHG1,1
ELF2,TFB1M,1
ELF2,ZDHHC14,1
ELF2,GTF2H5,1
ELF2,TULP4,1
ELF2,EZR,1
ELF2,LNCDAT,1
ELF2,TBXT,1
ELF2,SFT2D1,1
ELF2,CCR6,1
ELF2,ERMARD,1
ELF2,LINC00242,1
ELF2,FAM120B,1
ELF2,PSMB1,1
ELF2,SUN1,1
ELF2,ELFN1-AS1,1
ELF2,PSMG3,1
ELF2,MAD1L1,1
ELF2,SNX8,1
ELF2,NUDT1,1
ELF2,RSPH10B,1
ELF2,UMAD1,1
ELF2,MIOS-DT,1
ELF2,RAPGEF5,1
ELF2,PALS2,1
ELF2,LINC03013,1
ELF2,SEPTIN7-DT,1
ELF2,YAE1,1
ELF2,CDK13,1
ELF2,MRPL32,1
ELF2,COA1,1
ELF2,MRPS24,1
ELF2,UBE2D4,1
ELF2,TMED4,1
ELF2,TPST1,1
ELF2,SPDYE5,1
ELF2,GSAP,1
ELF2,PHTF2,1
ELF2,TMEM60,1
ELF2,DMTF1,1
ELF2,TP53TG1,1
ELF2,CROT,1
ELF2,ABCB4,1
ELF2,KRIT1,1
ELF2,PEX1,1
ELF2,AKAP9,1
ELF2,RBM48,1
ELF2,VPS50,1
ELF2,SGCE,1
ELF2,ASNS,1
ELF2,ATP5MF,1
ELF2,ZNF655,1
ELF2,CYP3A5,1
ELF2,TRIM4,1
ELF2,LAMTOR4,1
ELF2,STAG3,1
ELF2,ZCWPW1,1
ELF2,ORAI2,1
ELF2,SPDYE6,1
ELF2,SPDYE2,1
ELF2,POLR2J3,1
ELF2,NAPEPLD,1
ELF2,KMT2E-AS1,1
ELF2,SRPK2,1
ELF2,PMPCB,1
ELF2,THAP5,1
ELF2,DUS4L,1
ELF2,KCP,1
ELF2,AGBL3,1
ELF2,TMEM140,1
ELF2,SLC13A4,1
ELF2,AGK,1
ELF2,FMC1,1
ELF2,KDM7A-DT,1
ELF2,WEE2,1
ELF2,PRSS37,1
ELF2,CNTNAP2,1
ELF2,ATP6V0E2-AS1,1
ELF2,ATP6V0E2,1
ELF2,ABCF2-H2BK1,1
ELF2,PTPRN2,1
ELF2,FBXO25,1
ELF2,PRAG1,1
ELF2,CLDN23,1
ELF2,MFHAS1,1
ELF2,MTMR9,1
ELF2,FAM167A,1
ELF2,AGPAT5,1
ELF2,FAM167A-AS1,1
ELF2,TRMT9B,1
ELF2,ZDHHC2,1
ELF2,CSGALNACT1,1
ELF2,PEBP4,1
ELF2,TNFRSF10A-DT,1
ELF2,CHMP7,1
ELF2,RHOBTB2,1
ELF2,PNOC,1
ELF2,UBXN8,1
ELF2,DDHD2,1
ELF2,PLPP5,1
ELF2,NSD3,1
ELF2,PLEKHA2,1
ELF2,HTRA4,1
ELF2,IKBKB,1
ELF2,SMIM19,1
ELF2,RNF170,1
ELF2,PCMTD1-DT,1
ELF2,TRIM55,1
ELF2,RRS1-DT,1
ELF2,MYBL1,1
ELF2,CA13,1
ELF2,DECR1,1
ELF2,CALB1,1
ELF2,OTUD6B-AS1,1
ELF2,LRRC69,1
ELF2,VIRMA-DT,1
ELF2,MATN2,1
ELF2,RIDA,1
ELF2,POP1,1
ELF2,VPS13B-DT,1
ELF2,ZNNT1,1
ELF2,ZNF706,1
ELF2,DERL1,1
ELF2,RNF139-DT,1
ELF2,NDUFB9,1
ELF2,MTSS1,1
ELF2,ZNF623,1
ELF2,ZNF7,1
ELF2,ZNF252P-AS1,1
ELF2,ZNF34,1
ELF2,ZNF250,1
ELF2,RLN2,1
ELF2,MLANA,1
ELF2,LINC02851,1
ELF2,KDM4C,1
ELF2,ZDHHC21,1
ELF2,SLC24A2,1
ELF2,SMIM27,1
ELF2,NDUFB6,1
ELF2,APTX,1
ELF2,SMU1,1
ELF2,B4GALT1,1
ELF2,ACO1,1
ELF2,ARID3C,1
ELF2,EBLN3P,1
ELF2,ZCCHC7,1
ELF2,FBXO10,1
ELF2,TOMM5,1
ELF2,TRMT10B,1
ELF2,IDNK,1
ELF2,PTPDC1,1
ELF2,ZNF169,1
ELF2,ERCC6L2-AS1,1
ELF2,CDC14B,1
ELF2,PRXL2C,1
ELF2,XPA,1
ELF2,MRPL50,1
ELF2,NIPSNAP3A,1
ELF2,C9orf152,1
ELF2,CDC26,1
ELF2,ZFP37,1
ELF2,ATP6V1G1,1
ELF2,HMGA1P4,1
ELF2,SET,1
ELF2,AK8,1
ELF2,TSC1,1
ELF2,BRD3OS,1
ELF2,LINC02846,1
ELF2,LINC01451,1
ELF2,QSOX2,1
ELF2,CCDC183-AS1,1
ELF2,LCN8,1
ELF2,STPG3-AS1,1
ELF2,CACNA1B,1
ELF2,DHRSX-IT1,1
ELF2,XG,1
ELF2,PNPLA4,1
ELF2,CLCN4,1
ELF2,TCEANC,1
ELF2,OFD1,1
ELF2,S100G,1
ELF2,PHKA2-AS1,1
ELF2,BCLAF3,1
ELF2,EIF2S3,1
ELF2,KRBOX4,1
ELF2,INE1,1
ELF2,ZNF41,1
ELF2,ZNF182,1
ELF2,ZNF630-AS1,1
ELF2,PORCN-DT,1
ELF2,PIM2,1
ELF2,WDR45,1
ELF2,PFKFB1,1
ELF2,FAM104B,1
ELF2,ARR3,1
ELF2,P2RY10,1
ELF2,ARMCX5-GPRASP2,1
ELF2,ARMCX6,1
ELF2,SLC25A53,1
ELF2,ZCCHC18,1
ELF2,MTM1,1
ELF2,ATP6AP1-DT,1
FOSB,FLACC1,1
FOSL1,LUZP1,1
FOSL1,KIAA1522,1
FOSL1,RNF19B,1
FOSL1,A3GALT2,1
FOSL1,MIR205HG,1
FOSL1,CAMK1G,1
FOSL1,LAMB3,1
FOSL1,UNC5B,1
FOSL1,CALHM2,1
FOSL1,CNNM2,1
FOSL1,LINC00867,1
FOSL1,CACUL1,1
FOSL1,HTRA1,1
FOSL1,OAT,1
FOSL1,MIR194-2HG,1
FOSL1,CCDC38,1
FOSL1,HAL,1
FOSL1,KCTD12,1
FOSL1,CLN5,1
FOSL1,FBXL3,1
FOSL1,MYCBP2-AS1,1
FOSL1,PAPLN,1
FOSL1,GALC,1
FOSL1,SLC24A4,1
FOSL1,DICER1,1
FOSL1,CLMN,1
FOSL1,LINC02292,1
FOSL1,SYNE3,1
FOSL1,TDRD9,1
FOSL1,TLE3,1
FOSL1,RCVRN,1
FOSL1,GAS7,1
FOSL1,C5AR1,1
FOSL1,C5AR2,1
FOSL1,BICRA-AS1,1
FOSL1,ZEB2-AS1,1
FOSL1,LINC01412,1
FOSL1,LINC02993,1
FOSL1,MAP3K20-AS1,1
FOSL1,CYP27A1,1
FOSL1,PRKAG3,1
FOSL1,ITCH-AS1,1
FOSL1,LINC00189,1
FOSL1,BACH1,1
FOSL1,BACH1-IT1,1
FOSL1,BACH1-AS1,1
FOSL1,BACH1-IT2,1
FOSL1,OLIG1,1
FOSL1,PPARG,1
FOSL1,RAF1,1
FOSL1,ABHD5,1
FOSL1,NME9,1
FOSL1,MRAS,1
FOSL1,PIK3CB,1
FOSL1,PTX3,1
FOSL1,SLC2A9,1
FOSL1,SGMS2,1
FOSL1,CYP2U1-AS1,1
FOSL1,IL31RA,1
FOSL1,IL6ST,1
FOSL1,ERCC8,1
FOSL1,DCP2,1
FOSL1,PITX1-AS1,1
FOSL1,SH3TC2,1
FOSL1,SLC36A1,1
FOSL1,DOCK2,1
FOSL1,INSYN2B,1
FOSL1,IFNGR1,1
FOSL1,IPCEF1,1
FOSL1,SNX13,1
FOSL1,CPQ,1
FOSL1,MEGF9,1
FOSL1,REPS2,1
FOSL1,DDX3X,1
FOSL1,SLC6A8,1
FOSL1,AVPR2,1
FOSL1,MECP2,1
FOSL2,CDA,1
FOSL2,SH2D5,1
FOSL2,LUZP1,1
FOSL2,FGR,1
FOSL2,IFI6,1
FOSL2,STX12,1
FOSL2,THEMIS2,1
FOSL2,XKR8,1
FOSL2,KIAA1522,1
FOSL2,RNF19B,1
FOSL2,A3GALT2,1
FOSL2,KDM4A-AS1,1
FOSL2,USP24,1
FOSL2,GBP2,1
FOSL2,GBP5,1
FOSL2,LRRC8B,1
FOSL2,AMPD2,1
FOSL2,CSF1,1
FOSL2,ATP1A1,1
FOSL2,ATP1A1-AS1,1
FOSL2,CD58,1
FOSL2,IGSF3,1
FOSL2,RGS18,1
FOSL2,MIR205HG,1
FOSL2,CAMK1G,1
FOSL2,LAMB3,1
FOSL2,MTARC1,1
FOSL2,IRF2BP2,1
FOSL2,ZBTB18,1
FOSL2,PLXDC2,1
FOSL2,ADO,1
FOSL2,UNC5B,1
FOSL2,P4HA1,1
FOSL2,SAMD8,1
FOSL2,ZNF503,1
FOSL2,LRMDA,1
FOSL2,LCOR,1
FOSL2,TCF7L2,1
FOSL2,HTRA1,1
FOSL2,KNDC1,1
FOSL2,VENTX,1
FOSL2,ADAM8,1
FOSL2,NUP98,1
FOSL2,OR52K2,1
FOSL2,OR52K1,1
FOSL2,C11orf42,1
FOSL2,TRIM3,1
FOSL2,ANO5,1
FOSL2,LINC02705,1
FOSL2,MS4A6A,1
FOSL2,MS4A4E,1
FOSL2,VPS37C,1
FOSL2,EHBP1L1,1
FOSL2,AP5B1,1
FOSL2,SNX32,1
FOSL2,FOSL1,1
FOSL2,CATSPER1,1
FOSL2,RIN1,1
FOSL2,RBM14-RBM4,1
FOSL2,KCNE3,1
FOSL2,RNF169,1
FOSL2,LINC00900,1
FOSL2,TRIM29,1
FOSL2,OAF,1
FOSL2,POU2F3,1
FOSL2,SLC6A12,1
FOSL2,GNS,1
FOSL2,TBC1D30,1
FOSL2,CCDC38,1
FOSL2,HAL,1
FOSL2,APPL2,1
FOSL2,CAMKK2,1
FOSL2,OASL,1
FOSL2,GLT1D1,1
FOSL2,GJB2,1
FOSL2,CRYL1,1
FOSL2,XPO4,1
FOSL2,KCTD12,1
FOSL2,CLN5,1
FOSL2,FBXL3,1
FOSL2,MYCBP2-AS1,1
FOSL2,SUSD6,1
FOSL2,PAPLN,1
FOSL2,SLC24A4,1
FOSL2,THBS1,1
FOSL2,MYO5A,1
FOSL2,VPS13C,1
FOSL2,RAB8B,1
FOSL2,USP3,1
FOSL2,MAP2K1,1
FOSL2,SMAD6,1
FOSL2,DRAIC,1
FOSL2,CD2BP2-DT,1
FOSL2,SRCAP,1
FOSL2,MLKL,1
FOSL2,LDHD,1
FOSL2,CRISPLD2,1
FOSL2,ZDHHC7,1
FOSL2,KIAA0513,1
FOSL2,ZNF469,1
FOSL2,RFLNB,1
FOSL2,RCVRN,1
FOSL2,GAS7,1
FOSL2,YPEL2,1
FOSL2,LINC01476,1
FOSL2,VMP1,1
FOSL2,SMURF2,1
FOSL2,ARHGAP27P1-BPTFP1-KPNA2P3,1
FOSL2,ARSG,1
FOSL2,SLC16A6,1
FOSL2,FAM20A,1
FOSL2,CD300A,1
FOSL2,CD300LB,1
FOSL2,CD300C,1
FOSL2,CD300H,1
FOSL2,CD300LD,1
FOSL2,CD300LD-AS1,1
FOSL2,CD300E,1
FOSL2,CD300LF,1
FOSL2,SOCS3,1
FOSL2,SOCS3-DT,1
FOSL2,PGS1,1
FOSL2,DNAH17,1
FOSL2,DNAH17-AS1,1
FOSL2,TIMP2,1
FOSL2,CEP295NL,1
FOSL2,DLGAP1-AS3,1
FOSL2,ALPK2,1
FOSL2,RELCH,1
FOSL2,ZCCHC2,1
FOSL2,ADGRE3,1
FOSL2,ZNF333,1
FOSL2,ADGRE2,1
FOSL2,OR7C1,1
FOSL2,TSHZ3,1
FOSL2,C5AR1,1
FOSL2,C5AR2,1
FOSL2,BICRA-AS1,1
FOSL2,FCAR,1
FOSL2,GP6-AS1,1
FOSL2,GP6,1
FOSL2,PLB1,1
FOSL2,STRN,1
FOSL2,EIF2AK2,1
FOSL2,FOXN2,1
FOSL2,TBC1D8,1
FOSL2,RNF149,1
FOSL2,IL1RN,1
FOSL2,TFCP2L1,1
FOSL2,ZEB2-AS1,1
FOSL2,LINC01412,1
FOSL2,LINC02993,1
FOSL2,ACVR2A,1
FOSL2,MAP3K20-AS1,1
FOSL2,PGAP1,1
FOSL2,CYP27A1,1
FOSL2,PRKAG3,1
FOSL2,ACSL3,1
FOSL2,HTR2B,1
FOSL2,RNF24,1
FOSL2,SMOX,1
FOSL2,LINC01433,1
FOSL2,SLC23A2,1
FOSL2,PRNP,1
FOSL2,NDUFAF5,1
FOSL2,RIN2,1
FOSL2,RALGAPA2,1
FOSL2,ITCH-AS1,1
FOSL2,MMP24,1
FOSL2,NNAT,1
FOSL2,LINC00189,1
FOSL2,BACH1,1
FOSL2,BACH1-IT1,1
FOSL2,BACH1-AS1,1
FOSL2,BACH1-IT2,1
FOSL2,ETS2-AS1,1
FOSL2,IL17RA,1
FOSL2,PPARG,1
FOSL2,RAF1,1
FOSL2,CAPN7,1
FOSL2,EAF1,1
FOSL2,EAF1-AS1,1
FOSL2,ABHD5,1
FOSL2,TGM4,1
FOSL2,ZDHHC3,1
FOSL2,TMEM158,1
FOSL2,FYCO1,1
FOSL2,CXCR6,1
FOSL2,CCRL2,1
FOSL2,HTD2,1
FOSL2,KCTD6,1
FOSL2,EIF4E3,1
FOSL2,GPR27,1
FOSL2,PROK2,1
FOSL2,CRYBG3,1
FOSL2,NME9,1
FOSL2,MRAS,1
FOSL2,PIK3CB,1
FOSL2,SLC9A9-AS1,1
FOSL2,PTX3,1
FOSL2,IGF2BP2-AS1,1
FOSL2,SLC51A,1
FOSL2,UBXN7,1
FOSL2,SLC2A9,1
FOSL2,RELL1,1
FOSL2,EPGN,1
FOSL2,EREG,1
FOSL2,AREG,1
FOSL2,ABRAXAS1,1
FOSL2,GPAT3,1
FOSL2,WDFY3,1
FOSL2,OSMR,1
FOSL2,IL31RA,1
FOSL2,IL6ST,1
FOSL2,ERCC8,1
FOSL2,PIK3R1,1
FOSL2,LUCAT1,1
FOSL2,CAST,1
FOSL2,STARD4,1
FOSL2,DCP2,1
FOSL2,PITX1-AS1,1
FOSL2,TGFBI,1
FOSL2,SMAD5-AS1,1
FOSL2,SMAD5,1
FOSL2,DIAPH1-AS1,1
FOSL2,ARAP3,1
FOSL2,NR3C1,1
FOSL2,SH3TC2,1
FOSL2,FAXDC2,1
FOSL2,DOCK2,1
FOSL2,INSYN2B,1
FOSL2,RREB1,1
FOSL2,GCLC,1
FOSL2,GCLC-AS1,1
FOSL2,REV3L,1
FOSL2,MARCKS,1
FOSL2,RNF217,1
FOSL2,VNN1,1
FOSL2,VNN2,1
FOSL2,AGPAT4,1
FOSL2,SNX13,1
FOSL2,SEMA3C,1
FOSL2,STEAP4,1
FOSL2,MSR1,1
FOSL2,MTUS1,1
FOSL2,ASAH1,1
FOSL2,SLC25A37,1
FOSL2,TNFRSF10A-AS1,1
FOSL2,OSGIN2,1
FOSL2,RIPK2,1
FOSL2,CPQ,1
FOSL2,TRPS1,1
FOSL2,TRPS1-AS1,1
FOSL2,TRIB1,1
FOSL2,PGM5,1
FOSL2,LINC01506,1
FOSL2,PTAR1,1
FOSL2,ANXA1,1
FOSL2,DAPK1-IT1,1
FOSL2,CTSL,1
FOSL2,PCAT7,1
FOSL2,FBP1,1
FOSL2,DELEC1,1
FOSL2,TNC,1
FOSL2,MEGF9,1
FOSL2,REPS2,1
FOSL2,DDX3X,1
FOSL2,AMMECR1-IT1,1
FOSL2,FLNA,1
FOSL2,MECP2,1
FOXP1,RNPC3,1
FOXP1,AMY2B,1
GATA2,ZNF195,1
GATA2,C11orf96,1
GATA2,LINC02175,1
GATA2,IRX3,1
GATA2,NUDT21,1
GATA2,WDR59,1
GATA2,ZNRF1,1
GATA2,RAMP2,1
GATA2,URB1,1
GATA2,CLDN5,1
GATA2,FBLN1,1
GATA2,LINC02082,1
GATA2,PTPN13,1
GATA2,GAR1,1
GATA2,CSF1R,1
GATA2,PDGFRB,1
GATA2,FKBP9,1
GATA2,BMPER,1
GATA2,ZNF696,1
GATA2,TOP1MT,1
GATA2,RHPN1-AS1,1
GATA2,GOLM1,1
GATA2,GPR173,1
GATA2,WNK3,1
GATA2,TRO,1
GATA2,MED12,1
GATA2,ZMYM3,1
GATA2,RUNX3-AS1,1
GATA2,PTPRU,1
GATA2,UROD,1
GATA2,DOCK7,1
GATA2,CACHD1,1
GATA2,DYNLT5,1
GATA2,DDAH1,1
GATA2,ODF2L,1
GATA2,CLCA4-AS1,1
GATA2,LINC01140,1
GATA2,LINC02801,1
GATA2,TMIGD3,1
GATA2,TRIM45,1
GATA2,S100A3,1
GATA2,INTS3,1
GATA2,LINC02772,1
GATA2,CADM3-AS1,1
GATA2,CD244,1
GATA2,GPR161,1
GATA2,POGK,1
GATA2,TNFSF4,1
GATA2,PRDX6,1
GATA2,ADORA1,1
GATA2,RHEX,1
GATA2,CDC42BPA,1
GATA2,NUP133,1
GATA2,OR14L1,1
GATA2,TRIM58,1
GATA2,AKR1E2,1
GATA2,AKR1C1,1
GATA2,AKR1C2,1
GATA2,FZD8,1
GATA2,BMS1,1
GATA2,TMEM72,1
GATA2,PCBD1,1
GATA2,USP54,1
GATA2,AGAP5,1
GATA2,MARVELD1,1
GATA2,DOCK1,1
GATA2,INSYN2A,1
GATA2,B4GALNT4,1
GATA2,SCT,1
GATA2,TALDO1,1
GATA2,GATD1,1
GATA2,CHID1,1
GATA2,HBD,1
GATA2,HBG1,1
GATA2,BDNF,1
GATA2,CKAP5,1
GATA2,PTGDR2,1
GATA2,PRPF19,1
GATA2,ZFTA,1
GATA2,SPINDOC,1
GATA2,RCOR2,1
GATA2,NAA40,1
GATA2,SPTBN2,1
GATA2,LRFN4,1
GATA2,GSTP1,1
GATA2,ACY3,1
GATA2,KRTAP5-10,1
GATA2,RPS3,1
GATA2,TSKU,1
GATA2,POGLUT3,1
GATA2,DDX10,1
GATA2,BACE1,1
GATA2,C1RL,1
GATA2,RBP5,1
GATA2,CLSTN3,1
GATA2,TSPAN11,1
GATA2,DDX11,1
GATA2,GXYLT1,1
GATA2,KRT1,1
GATA2,CBX5,1
GATA2,HNRNPA1,1
GATA2,NFE2,1
GATA2,NUAK1,1
GATA2,CAMKK2,1
GATA2,SACS,1
GATA2,TNFRSF19,1
GATA2,ATP12A,1
GATA2,CDK8,1
GATA2,IPO5,1
GATA2,ARHGAP5-AS1,1
GATA2,BMP4,1
GATA2,FAM98B,1
GATA2,TP53BP1,1
GATA2,ATP8B4,1
GATA2,SLC27A2,1
GATA2,HDC,1
GATA2,DTWD1,1
GATA2,TLN2,1
GATA2,SH2D7,1
GATA2,CIB2,1
GATA2,CRABP1,1
GATA2,MAN2A2,1
GATA2,TBC1D24,1
GATA2,SPN,1
GATA2,QPRT,1
GATA2,TMEM231,1
GATA2,TOP3A,1
GATA2,LINC02076,1
GATA2,TMEM97,1
GATA2,BLTP2,1
GATA2,RASL10B,1
GATA2,TAF15,1
GATA2,CCL23,1
GATA2,NGFR,1
GATA2,MBTD1,1
GATA2,CYB561,1
GATA2,ACE,1
GATA2,DCAF7,1
GATA2,MRC2,1
GATA2,ENOSF1,1
GATA2,LPIN2,1
GATA2,LINC02979,1
GATA2,PRELID3A,1
GATA2,ZSCAN30,1
GATA2,FECH,1
GATA2,PKN1,1
GATA2,CYP4F2,1
GATA2,CERS1,1
GATA2,SUGP2,1
GATA2,LINC00664,1
GATA2,DPY19L3,1
GATA2,PDCD5,1
GATA2,ANKRD27,1
GATA2,TDRD12,1
GATA2,ZNF320,1
GATA2,EPS8L1,1
GATA2,TNNI3,1
GATA2,DNAAF3,1
GATA2,RNF144A,1
GATA2,C1GALT1C1L,1
GATA2,LRPPRC,1
GATA2,TIA1,1
GATA2,FAM136A,1
GATA2,BOLA3-DT,1
GATA2,LOXL3,1
GATA2,M1AP,1
GATA2,FAM178B,1
GATA2,FAHD2B,1
GATA2,ZC3H8,1
GATA2,POLR1B,1
GATA2,TANC1,1
GATA2,ABCB11,1
GATA2,DHRS9,1
GATA2,WDR75,1
GATA2,SLC40A1,1
GATA2,PTH2R,1
GATA2,CPXM1,1
GATA2,LINC00654,1
GATA2,RALGAPA2,1
GATA2,AHCY,1
GATA2,ZNF334,1
GATA2,SLC2A10,1
GATA2,CRMA,1
GATA2,SLCO4A1,1
GATA2,SLCO4A1-AS1,1
GATA2,SOX18,1
GATA2,NIPSNAP1,1
GATA2,TIMP3,1
GATA2,PHF5A,1
GATA2,ITGA9,1
GATA2,ITGA9-AS1,1
GATA2,CTDSPL,1
GATA2,ZNF445,1
GATA2,CDCP1,1
GATA2,CDC25A,1
GATA2,HYAL3,1
GATA2,CISH,1
GATA2,MAPKAPK3,1
GATA2,MUSTN1,1
GATA2,HESX1,1
GATA2,ACOX2,1
GATA2,CHST13,1
GATA2,KBTBD12,1
GATA2,TRH,1
GATA2,LINC02021,1
GATA2,LXN,1
GATA2,RARRES1,1
GATA2,C3orf80,1
GATA2,MCCC1-AS1,1
GATA2,ABCC5,1
GATA2,EIF4G1,1
GATA2,ALG3,1
GATA2,POLR2H,1
GATA2,C3orf70,1
GATA2,EHHADH,1
GATA2,BEND4,1
GATA2,KIT,1
GATA2,PPAT,1
GATA2,PAICS,1
GATA2,HOPX,1
GATA2,LINC01088,1
GATA2,AFF1,1
GATA2,GYPB,1
GATA2,PDGFC,1
GATA2,GLRB,1
GATA2,MFAP3L,1
GATA2,AADAT,1
GATA2,CMBL,1
GATA2,ROPN1L,1
GATA2,SELENOP,1
GATA2,MEGF10,1
GATA2,HSPA9,1
GATA2,SNHG4,1
GATA2,STING1,1
GATA2,LARP1,1
GATA2,GEMIN5,1
GATA2,UBTD2,1
GATA2,SH3PXD2B,1
GATA2,NEURL1B,1
GATA2,ERGIC1,1
GATA2,SLC22A23,1
GATA2,E2F3,1
GATA2,KCNK5,1
GATA2,SH3BGRL2,1
GATA2,NCOA7,1
GATA2,TRMT11,1
GATA2,MYB,1
GATA2,MYB-AS1,1
GATA2,MAP7,1
GATA2,MAP7-AS1,1
GATA2,STXBP5,1
GATA2,CNKSR3,1
GATA2,ICA1,1
GATA2,CRPPA,1
GATA2,HERPUD2-AS1,1
GATA2,CT66,1
GATA2,GNAI1,1
GATA2,ZKSCAN1,1
GATA2,ANKRD7,1
GATA2,GATA4,1
GATA2,DLC1,1
GATA2,XPO7,1
GATA2,NPM2,1
GATA2,FGF17,1
GATA2,PPP2CB,1
GATA2,TEX15,1
GATA2,PURG,1
GATA2,WRN,1
GATA2,CA8,1
GATA2,ZNF704,1
GATA2,ANGPT1,1
GATA2,MYC,1
GATA2,TONSL,1
GATA2,TONSL-AS1,1
GATA2,RPL8,1
GATA2,GNA14,1
GATA2,GNAQ,1
GATA2,GSN,1
GATA2,DAB2IP,1
GATA2,LHX6,1
GATA2,NR6A1,1
GATA2,RPL12,1
GATA2,ABL1,1
GATA2,CEL,1
GATA2,GBGT1,1
GATA2,ABO,1
GATA2,SURF6,1
GATA2,RPL7A,1
GATA2,GLOD5,1
GATA2,GATA1,1
GATA2,HDAC6,1
GATA2,ERAS,1
GATA2,USP51,1
GATA2,HEPH,1
GATA2,STARD8,1
GATA2,BEX1,1
GATA2,NXF3,1
GATA2,BEX4,1
GATA2,TCEAL5,1
GATA2,TMEM164,1
GATA2,CHRDL1,1
GATA2,PABIR2,1
GATA2,SMIM10,1
GATA2,RTL8B,1
GMEB2,CERS3,1
GMEB2,LINS1,1
IRF4,PLEKHN1,1
IRF4,NPHP4,1
IRF4,RNF207,1
IRF4,ICMT-DT,1
IRF4,DDOST,1
IRF4,IFNLR1,1
IRF4,GRHL3,1
IRF4,TRIM63,1
IRF4,PDIK1L,1
IRF4,CNKSR1,1
IRF4,TAF12-DT,1
IRF4,TXLNA,1
IRF4,MANEAL,1
IRF4,BMP8A,1
IRF4,PABPC4-AS1,1
IRF4,BMP8B,1
IRF4,OXCT2,1
IRF4,BMP8B-AS1,1
IRF4,ZMPSTE24,1
IRF4,ZFP69B,1
IRF4,UQCRH,1
IRF4,CMPK1,1
IRF4,OSBPL9,1
IRF4,EPS15,1
IRF4,CC2D1B,1
IRF4,OMA1,1
IRF4,HOOK1,1
IRF4,LINC02777,1
IRF4,LINC01358,1
IRF4,DLEU2L,1
IRF4,RABGGTB,1
IRF4,PIGK,1
IRF4,LMO4,1
IRF4,GTF2B,1
IRF4,GBP3,1
IRF4,SETSIP,1
IRF4,RPAP2,1
IRF4,ALG14,1
IRF4,TLCD4,1
IRF4,PALMD,1
IRF4,FRRS1,1
IRF4,SLC35A3,1
IRF4,CLCC1,1
IRF4,GNAT2,1
IRF4,EPS8L3,1
IRF4,KCNA2,1
IRF4,KCNA3,1
IRF4,MAB21L3,1
IRF4,TENT5C-DT,1
IRF4,TENT5C,1
IRF4,MAN1A2,1
IRF4,CGN,1
IRF4,NUP210L,1
IRF4,HAX1,1
IRF4,ATP8B2,1
IRF4,IL6R,1
IRF4,ASH1L-IT1,1
IRF4,GON4L,1
IRF4,KHDC4,1
IRF4,ASH1L,1
IRF4,UAP1,1
IRF4,DDR2,1
IRF4,TMCO1,1
IRF4,FASLG,1
IRF4,GAS5-AS1,1
IRF4,SERPINC1,1
IRF4,RABGAP1L,1
IRF4,CEP350,1
IRF4,LAMC1,1
IRF4,EDEM3,1
IRF4,TRMT1L,1
IRF4,TPR,1
IRF4,ODR4,1
IRF4,PDC,1
IRF4,ZBTB41,1
IRF4,DENND1B,1
IRF4,INAVA,1
IRF4,IGFN1,1
IRF4,LAX1,1
IRF4,LRRN2,1
IRF4,HSD11B1-AS1,1
IRF4,HSD11B1,1
IRF4,ANGEL2,1
IRF4,FBXO28,1
IRF4,PSEN2,1
IRF4,NUP133,1
IRF4,WDR64,1
IRF4,DESI2,1
IRF4,FBH1,1
IRF4,LINC00707,1
IRF4,USP6NL,1
IRF4,DHTKD1,1
IRF4,ARL5B,1
IRF4,DNAJC1,1
IRF4,YME1L1,1
IRF4,ARHGAP12,1
IRF4,AIFM2,1
IRF4,PPA1,1
IRF4,MINPP1,1
IRF4,ATAD1,1
IRF4,LIPJ,1
IRF4,ACTA2-AS1,1
IRF4,FAS,1
IRF4,IFIT1,1
IRF4,SLC16A12,1
IRF4,BTAF1,1
IRF4,GBF1,1
IRF4,ADD3,1
IRF4,CASP7,1
IRF4,DCLRE1A,1
IRF4,TDRD1,1
IRF4,LINC02641,1
IRF4,PLEKHA7,1
IRF4,PIK3C2A,1
IRF4,METTL15,1
IRF4,PLAAT2,1
IRF4,PLAAT3,1
IRF4,ATL3,1
IRF4,C11orf80,1
IRF4,RHOD,1
IRF4,PPP6R3,1
IRF4,UVRAG-DT,1
IRF4,RAB30,1
IRF4,PCF11,1
IRF4,RAB30-DT,1
IRF4,CEP57,1
IRF4,ARHGAP42,1
IRF4,CUL5,1
IRF4,ACAT1,1
IRF4,ATM,1
IRF4,LINC02732,1
IRF4,FDX1,1
IRF4,COLCA1,1
IRF4,POU2AF3,1
IRF4,APOA1-AS,1
IRF4,JHY,1
IRF4,CLMP,1
IRF4,IQSEC3-AS2,1
IRF4,KLRF1,1
IRF4,KLRD1,1
IRF4,TAS2R13,1
IRF4,PRH2,1
IRF4,TAS2R50,1
IRF4,TAS2R31,1
IRF4,TAS2R46,1
IRF4,GPRC5D,1
IRF4,RECQL,1
IRF4,GOLT1B,1
IRF4,BHLHE41,1
IRF4,SSPN,1
IRF4,ITPR2,1
IRF4,STK38L,1
IRF4,FGFR1OP2,1
IRF4,BMAL2,1
IRF4,ERGIC2,1
IRF4,KIF21A,1
IRF4,ABCD2,1
IRF4,SLC38A2-AS1,1
IRF4,SLC38A4-AS1,1
IRF4,CALCOCO1,1
IRF4,MYL6B-AS1,1
IRF4,MON2,1
IRF4,LEMD3,1
IRF4,IL26,1
IRF4,LINC02384,1
IRF4,MDM2,1
IRF4,NUDT4,1
IRF4,BLTP3B-DT,1
IRF4,NOPCHAP1,1
IRF4,ALDH1L2,1
IRF4,LINC01498,1
IRF4,FICD,1
IRF4,SPRING1,1
IRF4,GCN1,1
IRF4,ZCCHC8,1
IRF4,RSRC2,1
IRF4,KNTC1,1
IRF4,ABCB9,1
IRF4,MPHOSPH9,1
IRF4,TMED2-DT,1
IRF4,TMED2,1
IRF4,GTF2H3,1
IRF4,NBEA,1
IRF4,UFM1,1
IRF4,LINC02334,1
IRF4,LINC00571,1
IRF4,MRPS31,1
IRF4,VWA8,1
IRF4,COG3,1
IRF4,SETDB2,1
IRF4,ATP7B,1
IRF4,DIS3,1
IRF4,KLF12,1
IRF4,RBM26,1
IRF4,NDFIP2,1
IRF4,CDC16,1
IRF4,ANG,1
IRF4,OXA1L-DT,1
IRF4,DAD1,1
IRF4,MGAT2,1
IRF4,ERO1A,1
IRF4,PSMC6,1
IRF4,CCDC196,1
IRF4,GALNT16-AS1,1
IRF4,SLC39A9,1
IRF4,DNAL1,1
IRF4,LIN52,1
IRF4,SEL1L,1
IRF4,TSHR,1
IRF4,HISLA,1
IRF4,LINC02960,1
IRF4,LGMN,1
IRF4,GOLGA5,1
IRF4,IFI27L1,1
IRF4,IFI27,1
IRF4,IFI27L2,1
IRF4,PPP4R4,1
IRF4,CINP,1
IRF4,TECPR2,1
IRF4,PGBD4,1
IRF4,NUTM1,1
IRF4,JMJD7,1
IRF4,PLA2G4E-AS1,1
IRF4,SECISBP2L,1
IRF4,GALK2,1
IRF4,ATOSA,1
IRF4,SLTM,1
IRF4,PPIB,1
IRF4,HEXA-AS1,1
IRF4,SCAMP5,1
IRF4,UBE2Q2,1
IRF4,ISL2,1
IRF4,STARD5,1
IRF4,TMC3-AS1,1
IRF4,TMC3,1
IRF4,SEC11A,1
IRF4,MESP1,1
IRF4,TXNDC11,1
IRF4,TNFRSF17,1
IRF4,MIR193BHG,1
IRF4,BFAR,1
IRF4,NOMO1,1
IRF4,PDXDC1,1
IRF4,RRN3,1
IRF4,NOMO3,1
IRF4,NOMO2,1
IRF4,RPS15A,1
IRF4,ITPRIPL2,1
IRF4,MOSMO,1
IRF4,CD2BP2,1
IRF4,NETO2,1
IRF4,HERPUD1,1
IRF4,CES4A,1
IRF4,B3GNT9,1
IRF4,TRADD,1
IRF4,FBXL8,1
IRF4,NOL3,1
IRF4,TRPV3,1
IRF4,SLC52A1,1
IRF4,MIS12,1
IRF4,LINC00324,1
IRF4,RPL26,1
IRF4,TEKT3,1
IRF4,CDRT4,1
IRF4,TVP23C,1
IRF4,LINC02090,1
IRF4,SLC46A1,1
IRF4,CRLF3,1
IRF4,EVI2A,1
IRF4,MYO1D,1
IRF4,MYO1D-DT,1
IRF4,IKZF3,1
IRF4,DNAJC7,1
IRF4,MTMR4,1
IRF4,TEX14,1
IRF4,TRIM37,1
IRF4,ERN1,1
IRF4,HELZ-AS1,1
IRF4,WIPI1,1
IRF4,KIF19,1
IRF4,MFSD11,1
IRF4,UTS2R,1
IRF4,SMCHD1,1
IRF4,CEP192,1
IRF4,ESCO1,1
IRF4,TAF4B,1
IRF4,KCTD1,1
IRF4,DCC,1
IRF4,CD226,1
IRF4,AP3D1,1
IRF4,JSRP1,1
IRF4,DNM2,1
IRF4,ZNF708,1
IRF4,QPCTL,1
IRF4,SIX5,1
IRF4,RSPH6A,1
IRF4,PLA2G4C,1
IRF4,NCR1,1
IRF4,NLRP7,1
IRF4,NLRP2,1
IRF4,ISOC2,1
IRF4,LINC00298,1
IRF4,LINC00299,1
IRF4,PDIA6,1
IRF4,VSNL1,1
IRF4,LDAH,1
IRF4,UBXN2A,1
IRF4,SELENOI,1
IRF4,PREB,1
IRF4,CLIP4,1
IRF4,ALK,1
IRF4,CAPN13,1
IRF4,EHD3,1
IRF4,SLC30A6,1
IRF4,ARHGEF33,1
IRF4,SOS1,1
IRF4,SOS1-IT1,1
IRF4,CDKL4,1
IRF4,THADA,1
IRF4,PREPL,1
IRF4,SRBD1,1
IRF4,CHAC2,1
IRF4,ERLEC1,1
IRF4,EML6,1
IRF4,MTIF2,1
IRF4,C2orf74-AS1,1
IRF4,USP34,1
IRF4,PEX13,1
IRF4,PAPOLG,1
IRF4,VPS54,1
IRF4,LGALSL,1
IRF4,AFTPH-DT,1
IRF4,AFTPH,1
IRF4,FBXO48,1
IRF4,APLF,1
IRF4,GKN1,1
IRF4,GFPT1,1
IRF4,MCEE,1
IRF4,MRPL35,1
IRF4,LINC01943,1
IRF4,CYTOR,1
IRF4,LINC02611,1
IRF4,LYG1,1
IRF4,ACOXL-AS1,1
IRF4,WDR33,1
IRF4,COBLL1,1
IRF4,TTC21B-AS1,1
IRF4,SLC25A12,1
IRF4,ITGA6,1
IRF4,ITGA6-AS1,1
IRF4,PDK1-AS1,1
IRF4,PDK1,1
IRF4,SCRN3,1
IRF4,GPR155,1
IRF4,ATF2,1
IRF4,ZC3H15,1
IRF4,C2orf88,1
IRF4,MSTN,1
IRF4,DNAH7,1
IRF4,CFLAR,1
IRF4,CFLAR-AS1,1
IRF4,CASP10,1
IRF4,FZD7,1
IRF4,NDUFS1,1
IRF4,ZDBF2,1
IRF4,FASTKD2,1
IRF4,NYAP2,1
IRF4,RHBDD1,1
IRF4,COL4A4,1
IRF4,COL4A3,1
IRF4,MFF-DT,1
IRF4,GIGYF2,1
IRF4,SEPTIN2,1
IRF4,BOK,1
IRF4,ANKEF1,1
IRF4,OVOL2,1
IRF4,EIF2S2,1
IRF4,ITCH,1
IRF4,ERGIC3,1
IRF4,RBM12,1
IRF4,RPN2,1
IRF4,STK4,1
IRF4,KCNS1,1
IRF4,WFDC13,1
IRF4,EYA2-AS1,1
IRF4,LINC01754,1
IRF4,NCOA3,1
IRF4,HSPA13,1
IRF4,SLC5A3,1
IRF4,PRDM15,1
IRF4,TFF2,1
IRF4,TFF1,1
IRF4,SLC37A1,1
IRF4,CECR3,1
IRF4,LINC00528,1
IRF4,DERL3,1
IRF4,TPST2,1
IRF4,CRYBB1,1
IRF4,CRYBA4,1
IRF4,APOBEC3D,1
IRF4,APOBEC3G,1
IRF4,APOBEC3H,1
IRF4,MGAT3,1
IRF4,ATF4,1
IRF4,BIK,1
IRF4,EDEM1,1
IRF4,KAT2B,1
IRF4,OXSM,1
IRF4,STT3B,1
IRF4,ZNF860,1
IRF4,OSBPL10-AS1,1
IRF4,PDCD6IP-DT,1
IRF4,ENTPD3,1
IRF4,GNL3,1
IRF4,GLT8D1,1
IRF4,SPCS1,1
IRF4,NEK4,1
IRF4,ARF4,1
IRF4,PTPRG,1
IRF4,PRICKLE2,1
IRF4,KBTBD8,1
IRF4,PPP4R2,1
IRF4,GPR15,1
IRF4,TBC1D23,1
IRF4,TOMM70,1
IRF4,LNP1,1
IRF4,IMPG2,1
IRF4,SLC35A5,1
IRF4,GTPBP8,1
IRF4,GOLGB1,1
IRF4,IQCB1,1
IRF4,EAF2,1
IRF4,SLC15A2,1
IRF4,SNX4,1
IRF4,ZNF148,1
IRF4,SEC61A1,1
IRF4,MBD4,1
IRF4,CDV3,1
IRF4,TF,1
IRF4,SRPRB,1
IRF4,RAB6B,1
IRF4,RASA2,1
IRF4,CHST2,1
IRF4,SLC9A9-AS2,1
IRF4,IL12A,1
IRF4,IFT80,1
IRF4,IL12A-AS1,1
IRF4,PHC3,1
IRF4,PRKCI,1
IRF4,FNDC3B,1
IRF4,LINC02068,1
IRF4,TBL1XR1,1
IRF4,PIK3CA-DT,1
IRF4,MFN1,1
IRF4,TTC14,1
IRF4,CCDC39,1
IRF4,SOX2-OT,1
IRF4,C3orf70,1
IRF4,MAP3K13,1
IRF4,CRYGS,1
IRF4,DNAJB11,1
IRF4,LINC02043,1
IRF4,RTP4,1
IRF4,OPA1,1
IRF4,PCYT1A,1
IRF4,FAM114A1,1
IRF4,UGDH-AS1,1
IRF4,N4BP2,1
IRF4,SLC30A9,1
IRF4,SHISA3,1
IRF4,ATP8A1,1
IRF4,FRYL,1
IRF4,POLR2B,1
IRF4,SRP72,1
IRF4,UBA6,1
IRF4,GNRHR,1
IRF4,UGT2B17,1
IRF4,ENAM,1
IRF4,JCHAIN,1
IRF4,ALB,1
IRF4,PPBP,1
IRF4,MTHFD2L,1
IRF4,PARM1,1
IRF4,PARM1-AS1,1
IRF4,USO1,1
IRF4,SEC31A,1
IRF4,LIN54,1
IRF4,SMARCAD1,1
IRF4,RAP1GDS1,1
IRF4,BBS12,1
IRF4,NUDT6,1
IRF4,AFG2A,1
IRF4,MFSD8,1
IRF4,ABHD18,1
IRF4,ELMOD2,1
IRF4,TBC1D9,1
IRF4,SLC10A7,1
IRF4,FBXW7,1
IRF4,MIR4453HG,1
IRF4,ARFIP1,1
IRF4,SPCS3,1
IRF4,LINC02363,1
IRF4,LINC02362,1
IRF4,IRF2,1
IRF4,LINC02427,1
IRF4,CASP3,1
IRF4,PRIMPOL,1
IRF4,CFAP97,1
IRF4,SNX25,1
IRF4,LRP2BP,1
IRF4,UFSP2,1
IRF4,CCDC110,1
IRF4,PDLIM3,1
IRF4,SORBS2-AS1,1
IRF4,FAM149A,1
IRF4,MTRR,1
IRF4,ICE1,1
IRF4,LINC02150,1
IRF4,SUB1,1
IRF4,LMBRD2,1
IRF4,NADK2,1
IRF4,NADK2-AS1,1
IRF4,C9,1
IRF4,TTC33,1
IRF4,HMGCS1,1
IRF4,PELO,1
IRF4,DHX29,1
IRF4,MTREX,1
IRF4,PLPP1,1
IRF4,SLC38A9,1
IRF4,SMIM15-AS1,1
IRF4,PPWD1,1
IRF4,TRAPPC13,1
IRF4,ERBIN,1
IRF4,SLC30A5,1
IRF4,MRPS36,1
IRF4,RAD17,1
IRF4,MARVELD2,1
IRF4,BDP1,1
IRF4,ZCCHC9,1
IRF4,SKIC3,1
IRF4,ELL2,1
IRF4,ERAP1,1
IRF4,FAM174A,1
IRF4,FER,1
IRF4,MAN2A1,1
IRF4,EPB41L4A,1
IRF4,EPB41L4A-DT,1
IRF4,MCC,1
IRF4,PGGT1B,1
IRF4,TMED7,1
IRF4,CDC42SE2,1
IRF4,UQCRQ,1
IRF4,HSPA4,1
IRF4,SAR1B,1
IRF4,SEC24A,1
IRF4,PKD2L2-DT,1
IRF4,MYOT,1
IRF4,MZB1,1
IRF4,MFAP3,1
IRF4,CLINT1,1
IRF4,WWC1,1
IRF4,RARS1,1
IRF4,PANK3,1
IRF4,LINC01942,1
IRF4,LINC01484,1
IRF4,GMDS-DT,1
IRF4,CDYL,1
IRF4,ATXN1-AS1,1
IRF4,CDKAL1,1
IRF4,GPLD1,1
IRF4,H3C1,1
IRF4,H4C2,1
IRF4,H3C2,1
IRF4,H2AC4,1
IRF4,H2BC3,1
IRF4,H3C3,1
IRF4,H1-2,1
IRF4,H2BC4,1
IRF4,H1-4,1
IRF4,H2BC5,1
IRF4,H2BC6,1
IRF4,H4C4,1
IRF4,H2BC8,1
IRF4,H2AC8,1
IRF4,H1-3,1
IRF4,H4C6,1
IRF4,H3C7,1
IRF4,H3C8,1
IRF4,H2BC10,1
IRF4,H4C8,1
IRF4,BTN1A1,1
IRF4,HMGN4,1
IRF4,H2BC12,1
IRF4,H2AC12,1
IRF4,H3C10,1
IRF4,H2AC14,1
IRF4,H4C12,1
IRF4,H1-5,1
IRF4,HSPA1L,1
IRF4,NEU1,1
IRF4,C4A,1
IRF4,GRM4,1
IRF4,CMTR1,1
IRF4,DNAH8,1
IRF4,UBR2,1
IRF4,PTP4A1,1
IRF4,DOP1A,1
IRF4,PGM3,1
IRF4,RWDD2A,1
IRF4,GJB7,1
IRF4,RARS2,1
IRF4,ORC3,1
IRF4,RNGTT,1
IRF4,MANEA-DT,1
IRF4,MANEA,1
IRF4,UFL1,1
IRF4,PRDM1,1
IRF4,ATG5,1
IRF4,OSTM1,1
IRF4,ARMC2,1
IRF4,ARMC2-AS1,1
IRF4,MFSD4B,1
IRF4,LINC02541,1
IRF4,TBC1D32,1
IRF4,LINC03002,1
IRF4,SIMALR,1
IRF4,PERP,1
IRF4,ARFGEF3,1
IRF4,ESR1,1
IRF4,CLDN20,1
IRF4,C6orf120,1
IRF4,PDCD2,1
IRF4,C1GALT1,1
IRF4,LINC03016,1
IRF4,GLCCI1,1
IRF4,MACC1,1
IRF4,ITGB8-AS1,1
IRF4,ITGB8,1
IRF4,NFE2L3,1
IRF4,PRR15-DT,1
IRF4,ZNF92,1
IRF4,TBL2,1
IRF4,GTF2I-AS1,1
IRF4,HIP1,1
IRF4,CDK14,1
IRF4,PEX1,1
IRF4,MUC3A,1
IRF4,MUC12-AS1,1
IRF4,LHFPL3-AS2,1
IRF4,PUS7,1
IRF4,MET,1
IRF4,CAV1,1
IRF4,SND1,1
IRF4,KLF14,1
IRF4,AKR1B10,1
IRF4,CALD1,1
IRF4,AGBL3,1
IRF4,CREB3L2,1
IRF4,AKR1D1,1
IRF4,HIPK2,1
IRF4,MRPS33,1
IRF4,SH2D4A,1
IRF4,KIF13B,1
IRF4,LSM1,1
IRF4,NSD3,1
IRF4,POMK,1
IRF4,PCMTD1,1
IRF4,PCMTD1-DT,1
IRF4,CSPP1,1
IRF4,NCOA2,1
IRF4,TRAM1,1
IRF4,MSC-AS1,1
IRF4,XKR9,1
IRF4,LACTB2,1
IRF4,RDH10,1
IRF4,OTUD6B-AS1,1
IRF4,PDP1,1
IRF4,TP53INP1,1
IRF4,LINC03044,1
IRF4,GRHL2,1
IRF4,UBR5,1
IRF4,LINC03047,1
IRF4,EMC2,1
IRF4,TAF2,1
IRF4,DERL1,1
IRF4,TBC1D31,1
IRF4,LINC02964,1
IRF4,ZNG1A,1
IRF4,GLDC,1
IRF4,LINC02851,1
IRF4,CDKN2B-AS1,1
IRF4,CDKN2B,1
IRF4,AQP3,1
IRF4,VPS13A,1
IRF4,TUT7,1
IRF4,NAA35,1
IRF4,ZNF510,1
IRF4,ZNF782,1
IRF4,CCDC180,1
IRF4,SLC44A1,1
IRF4,FKTN-AS1,1
IRF4,ZBTB6,1
IRF4,EIF1AX-AS1,1
IRF4,ZNF674,1
IRF4,ZNF41,1
IRF4,IGBP1,1
IRF4,XIAP,1
IRF4,ATP11C,1
IRF4,TKTL1,1
IRF4,PRKCZ,1
IRF4,MIR34AHG,1
IRF4,NMNAT1,1
IRF4,MTOR,1
IRF4,UQCRHL,1
IRF4,TMCO4,1
IRF4,USP48,1
IRF4,WNT4,1
IRF4,CLIC4,1
IRF4,DHDDS,1
IRF4,PPP1R8,1
IRF4,ZBTB8OS,1
IRF4,LINC01685,1
IRF4,TMCO2,1
IRF4,KDM4A,1
IRF4,NRDC,1
IRF4,SLC1A7,1
IRF4,YIPF1,1
IRF4,PLPP3,1
IRF4,SLC35D1,1
IRF4,ANKRD13C,1
IRF4,ZRANB2-DT,1
IRF4,USP33,1
IRF4,FUBP1,1
IRF4,LINC02795,1
IRF4,HS2ST1,1
IRF4,SLC30A7,1
IRF4,CEPT1,1
IRF4,CIMAP3,1
IRF4,SLC16A1,1
IRF4,PTPN22,1
IRF4,AP4B1-AS1,1
IRF4,PHTF1,1
IRF4,PDZK1,1
IRF4,CD160,1
IRF4,RNF115,1
IRF4,LINC02804,1
IRF4,PDE4DIP,1
IRF4,GOLPH3L,1
IRF4,UBE2Q1-AS1,1
IRF4,PYHIN1,1
IRF4,AIM2,1
IRF4,COPA,1
IRF4,SLAMF6,1
IRF4,SLAMF1,1
IRF4,LY9,1
IRF4,SLAMF7,1
IRF4,DCAF6,1
IRF4,DNM3OS,1
IRF4,GPR52,1
IRF4,TNN,1
IRF4,MR1,1
IRF4,CACNA1E,1
IRF4,SWT1,1
IRF4,RO60,1
IRF4,NEK7,1
IRF4,GPR25,1
IRF4,SYT2-AS1,1
IRF4,PIGR,1
IRF4,PFKFB2,1
IRF4,GPATCH2,1
IRF4,ZC3H11B,1
IRF4,EPRS1,1
IRF4,BPNT1,1
IRF4,IARS2,1
IRF4,RAB3GAP2,1
IRF4,C1orf115,1
IRF4,MIA3,1
IRF4,LEFTY2,1
IRF4,SDE2,1
IRF4,ACBD3,1
IRF4,ACBD3-AS1,1
IRF4,MIXL1,1
IRF4,H2BC26,1
IRF4,COG2,1
IRF4,MTR,1
IRF4,TASOR2,1
IRF4,IL15RA,1
IRF4,OPTN,1
IRF4,NSUN6,1
IRF4,ITGB1,1
IRF4,IATPR,1
IRF4,OGDHL,1
IRF4,PARG,1
IRF4,ASAH2,1
IRF4,ASAH2B,1
IRF4,SLC25A16,1
IRF4,BMS1P4,1
IRF4,LIPF,1
IRF4,STAMBPL1,1
IRF4,ACTA2,1
IRF4,IFIT5,1
IRF4,PCGF5,1
IRF4,IDE,1
IRF4,RBP4,1
IRF4,NOC3L,1
IRF4,CHUK,1
IRF4,CALHM1,1
IRF4,SH3PXD2A,1
IRF4,ATP5MK,1
IRF4,NHLRC2,1
IRF4,TRUB1,1
IRF4,RAB11FIP2,1
IRF4,GRK5,1
IRF4,WDR11,1
IRF4,ABRAXAS2,1
IRF4,EDRF1-DT,1
IRF4,EDRF1,1
IRF4,SCART1,1
IRF4,OR52I2,1
IRF4,TMEM41B,1
IRF4,USP47,1
IRF4,RRAS2,1
IRF4,COPB1,1
IRF4,HPS5,1
IRF4,GTF2H1,1
IRF4,UEVLD,1
IRF4,SPTY2D1,1
IRF4,FANCF,1
IRF4,DNAJC24,1
IRF4,EHF,1
IRF4,PDHX,1
IRF4,ACP2,1
IRF4,OSBP,1
IRF4,MS4A2,1
IRF4,NUDT22,1
IRF4,ESRRA,1
IRF4,CLPB,1
IRF4,XRRA1,1
IRF4,PRSS23,1
IRF4,TMEM135,1
IRF4,MMP1,1
IRF4,MMP3,1
IRF4,PDGFD,1
IRF4,MSANTD4,1
IRF4,SLC35F2,1
IRF4,NPAT,1
IRF4,C11orf65,1
IRF4,USP28,1
IRF4,CADM1,1
IRF4,HYOU1,1
IRF4,VPS11-DT,1
IRF4,TBCEL,1
IRF4,HSPA8,1
IRF4,STT3A,1
IRF4,CDON,1
IRF4,SRPRA,1
IRF4,SNX19,1
IRF4,ERC1,1
IRF4,WNT5B,1
IRF4,CLEC2D,1
IRF4,CREBL2,1
IRF4,CDKN1B,1
IRF4,H4C16,1
IRF4,PTPRO,1
IRF4,ETNK1,1
IRF4,SOX5-AS1,1
IRF4,ETFRF1,1
IRF4,DENND5B,1
IRF4,DENND5B-AS1,1
IRF4,ETFBKMT,1
IRF4,RESF1,1
IRF4,IRAK4,1
IRF4,SLC38A1,1
IRF4,RPAP3-DT,1
IRF4,SLC38A4,1
IRF4,SLC38A2,1
IRF4,PRKAG1,1
IRF4,SPATS2,1
IRF4,TMT1A,1
IRF4,ITGB7,1
IRF4,XPOT,1
IRF4,CAND1,1
IRF4,IFNG,1
IRF4,THAP2,1
IRF4,TMEM19,1
IRF4,CAPS2,1
IRF4,GLIPR1L1,1
IRF4,ZDHHC17,1
IRF4,POC1B-AS1,1
IRF4,GALNT4,1
IRF4,CDK17,1
IRF4,CFAP54,1
IRF4,AMDHD1,1
IRF4,HELLPAR,1
IRF4,IGF1,1
IRF4,SLC41A2,1
IRF4,OAS2,1
IRF4,SUDS3,1
IRF4,MLEC,1
IRF4,TPTE2,1
IRF4,LINC02340,1
IRF4,LINC00412,1
IRF4,LNX2,1
IRF4,UBE2L5,1
IRF4,STARD13,1
IRF4,COG6,1
IRF4,NHLRC3,1
IRF4,VWA8-AS1,1
IRF4,DNAJC15,1
IRF4,RCBTB2,1
IRF4,FNDC3A,1
IRF4,SERPINE3,1
IRF4,INTS6,1
IRF4,ALG11,1
IRF4,ABCC4,1
IRF4,MBNL2,1
IRF4,RAP2A,1
IRF4,TM9SF2,1
IRF4,ARHGAP5,1
IRF4,C14orf28,1
IRF4,FANCM,1
IRF4,STYX,1
IRF4,GNPNAT1,1
IRF4,SOCS4,1
IRF4,AP5M1,1
IRF4,KTN1,1
IRF4,LINC00520,1
IRF4,SYT16,1
IRF4,AKAP5,1
IRF4,LINC02324,1
IRF4,FUT8,1
IRF4,FUT8-AS1,1
IRF4,SMOC1,1
IRF4,ZC2HC1C,1
IRF4,MLH3,1
IRF4,TMED10,1
IRF4,JDP2-AS1,1
IRF4,BATF,1
IRF4,CEP128,1
IRF4,GTF2A1,1
IRF4,EML5,1
IRF4,TRIP11,1
IRF4,NDUFB1,1
IRF4,CPSF2,1
IRF4,ATG2B,1
IRF4,GSKIP,1
IRF4,PPP2R5C,1
IRF4,NIPA1,1
IRF4,HERC2,1
IRF4,GOLGA8O,1
IRF4,RYR3,1
IRF4,RASGRP1,1
IRF4,LINC02694,1
IRF4,EIF2AK4,1
IRF4,CHAC1,1
IRF4,NDUFAF1,1
IRF4,LTK,1
IRF4,MGA,1
IRF4,UBR1,1
IRF4,ZSCAN29,1
IRF4,GOLM2,1
IRF4,CTDSPL2-DT,1
IRF4,TRIM69,1
IRF4,BLOC1S6,1
IRF4,SHC4,1
IRF4,AP4E1,1
IRF4,USP8,1
IRF4,TRPM7,1
IRF4,ARPP19,1
IRF4,CCPG1,1
IRF4,TEX9,1
IRF4,MINDY2,1
IRF4,RPS27L,1
IRF4,CSNK1G1,1
IRF4,CLPX,1
IRF4,IGDCC4,1
IRF4,IQCH-AS1,1
IRF4,STRA6,1
IRF4,MINAR1,1
IRF4,SELENOS,1
IRF4,TARS3,1
IRF4,MPG,1
IRF4,ERCC4,1
IRF4,SCNN1B,1
IRF4,EARS2,1
IRF4,NPIPB6,1
IRF4,EIF3CL,1
IRF4,DNAJA2-DT,1
IRF4,ITFG1,1
IRF4,ITFG1-AS1,1
IRF4,CHD9,1
IRF4,RBL2,1
IRF4,SLC12A4,1
IRF4,CDH1,1
IRF4,FCSK,1
IRF4,CMTR2,1
IRF4,MARVELD3,1
IRF4,MLKL,1
IRF4,FA2H,1
IRF4,PKD1L2,1
IRF4,GAN,1
IRF4,C16orf95-DT,1
IRF4,UBE2G1,1
IRF4,B9D1,1
IRF4,ALDH3A2,1
IRF4,SLC47A2,1
IRF4,LGALS9B,1
IRF4,SYNRG,1
IRF4,PLEKHH3,1
IRF4,CCR10,1
IRF4,G6PC1,1
IRF4,NBR1,1
IRF4,CDC27,1
IRF4,LINC02086,1
IRF4,ZNF652-AS1,1
IRF4,SLC35B1,1
IRF4,MYCBPAP,1
IRF4,EPN3,1
IRF4,ANKRD40,1
IRF4,CLTC,1
IRF4,APPBP2,1
IRF4,ACOX1,1
IRF4,LINC02078,1
IRF4,RAB40B,1
IRF4,FOXK2,1
IRF4,METTL4,1
IRF4,MTCL1,1
IRF4,TMEM241,1
IRF4,SS18,1
IRF4,KLHL14,1
IRF4,ZNF24,1
IRF4,GALNT1,1
IRF4,SLC39A6,1
IRF4,MOCOS,1
IRF4,PIK3C3,1
IRF4,MYO5B,1
IRF4,MBD2,1
IRF4,WDR7,1
IRF4,LINC01926,1
IRF4,ZNF532,1
IRF4,SEC11C,1
IRF4,LMAN1,1
IRF4,VPS4B,1
IRF4,ARID3A,1
IRF4,MYDGF,1
IRF4,C19orf67,1
IRF4,PGLYRP2,1
IRF4,HSH2D,1
IRF4,CIB3,1
IRF4,NWD1,1
IRF4,C19orf12,1
IRF4,ZNF507,1
IRF4,DPY19L3-DT,1
IRF4,RGS9BP,1
IRF4,ZBTB32,1
IRF4,IGFLR1,1
IRF4,RINL,1
IRF4,ZNF546,1
IRF4,ZNF780B,1
IRF4,TTYH1,1
IRF4,ZNF154,1
IRF4,ZNF776,1
IRF4,ZNF587B,1
IRF4,ZNF324B,1
IRF4,ZNF460,1
IRF4,ZNF17,1
IRF4,B4GALT3,1
IRF4,ADAMTS4,1
IRF4,NBAS,1
IRF4,SMC6,1
IRF4,SDC1,1
IRF4,DTNB-AS1,1
IRF4,ASXL2,1
IRF4,LINC01936,1
IRF4,GPATCH11,1
IRF4,PRKD3,1
IRF4,HEATR5B,1
IRF4,CEBPZ,1
IRF4,EML4-AS1,1
IRF4,COX7A2L,1
IRF4,ABCG8,1
IRF4,ASB3,1
IRF4,SPTBN1,1
IRF4,COMMD1,1
IRF4,SLC1A4,1
IRF4,RETSAT,1
IRF4,GGCX,1
IRF4,EIF2AK3,1
IRF4,STARD7,1
IRF4,ANKRD36B,1
IRF4,INPP4A,1
IRF4,IL18RAP,1
IRF4,MFSD9,1
IRF4,SEPTIN10,1
IRF4,RGPD6,1
IRF4,ACOXL,1
IRF4,POLR1B,1
IRF4,TMEM87B,1
IRF4,POTEI,1
IRF4,RAB6D,1
IRF4,UBXN4,1
IRF4,RAB3GAP1,1
IRF4,UBR3,1
IRF4,RBM45,1
IRF4,LINC01934,1
IRF4,ITGA4,1
IRF4,CERKL,1
IRF4,DNAJC10,1
IRF4,INPP1,1
IRF4,HIBCH,1
IRF4,GLS,1
IRF4,GTF3C3,1
IRF4,MARS2,1
IRF4,ALS2,1
IRF4,CARF,1
IRF4,SGPP2,1
IRF4,MFF,1
IRF4,TM4SF20,1
IRF4,TRIP12,1
IRF4,CAB39,1
IRF4,ITM2C,1
IRF4,GPR55,1
IRF4,LINC00471,1
IRF4,NMUR1,1
IRF4,COPS8-DT,1
IRF4,HDLBP,1
IRF4,FARP2,1
IRF4,PRND,1
IRF4,CRNKL1,1
IRF4,SEC23B,1
IRF4,HM13,1
IRF4,RALY-AS1,1
IRF4,EDEM2,1
IRF4,NORAD,1
IRF4,OSER1-DT,1
IRF4,EYA2,1
IRF4,PARD6B,1
IRF4,DPM1,1
IRF4,SLCO4A1-AS2,1
IRF4,CHODL,1
IRF4,C21orf91-OT1,1
IRF4,C21orf91,1
IRF4,MIR155HG,1
IRF4,LTN1,1
IRF4,USP16,1
IRF4,DNAJC28,1
IRF4,ENPP4,1
IRF4,HSCB,1
IRF4,CCDC117,1
IRF4,XBP1,1
IRF4,APOL3,1
IRF4,APOL2,1
IRF4,APOL1,1
IRF4,SSTR3,1
IRF4,TNRC6B,1
IRF4,L3MBTL2-AS1,1
IRF4,DESI1,1
IRF4,MEI1,1
IRF4,SEPTIN3,1
IRF4,PPARA,1
IRF4,CRELD2,1
IRF4,ITPR1,1
IRF4,IRAK2,1
IRF4,ANKRD28,1
IRF4,PLCL2,1
IRF4,PLCL2-AS1,1
IRF4,UBE2E1,1
IRF4,TRANK1,1
IRF4,EPM2AIP1,1
IRF4,GOLGA4,1
IRF4,CYP8B1,1
IRF4,LIMD1,1
IRF4,LIMD1-AS1,1
IRF4,CCR2,1
IRF4,LZTFL1,1
IRF4,CCR9,1
IRF4,XCR1,1
IRF4,CCR3,1
IRF4,LRRC2,1
IRF4,BSN-DT,1
IRF4,GMPPB,1
IRF4,MANF,1
IRF4,ACTR8,1
IRF4,CCDC66,1
IRF4,APPL1,1
IRF4,THOC7-AS1,1
IRF4,SUCLG2-DT,1
IRF4,TMF1,1
IRF4,LINC00870,1
IRF4,RIOX2,1
IRF4,RPL24,1
IRF4,CEP97,1
IRF4,NXPE3,1
IRF4,ALCAM,1
IRF4,MYH15,1
IRF4,CD200R1,1
IRF4,BOC,1
IRF4,NEPRO,1
IRF4,CFAP44,1
IRF4,GRAMD1C,1
IRF4,ZDHHC23,1
IRF4,TIGIT,1
IRF4,ZBTB20-AS1,1
IRF4,ZBTB20-AS4,1
IRF4,B4GALT4,1
IRF4,TMEM39A,1
IRF4,COPG1,1
IRF4,ACAD11,1
IRF4,UBA5,1
IRF4,BFSP2,1
IRF4,BFSP2-AS1,1
IRF4,STAG1,1
IRF4,IL20RB-AS1,1
IRF4,CLDN18,1
IRF4,MRPS22,1
IRF4,ZBTB38,1
IRF4,XRN1,1
IRF4,ATR,1
IRF4,U2SURP,1
IRF4,SERP1,1
IRF4,EIF2A,1
IRF4,SELENOT,1
IRF4,MBNL1,1
IRF4,SLC33A1,1
IRF4,KCNAB1,1
IRF4,SSR3,1
IRF4,SAMD7,1
IRF4,FHL1P1,1
IRF4,GPR160,1
IRF4,LINC00578,1
IRF4,ATP11B,1
IRF4,ST6GAL1,1
IRF4,TPRG1,1
IRF4,TP63,1
IRF4,OSTN,1
IRF4,CCDC50,1
IRF4,LINC02026,1
IRF4,LINC02048,1
IRF4,PPP1R2,1
IRF4,DLG1,1
IRF4,SPON2,1
IRF4,ADD1,1
IRF4,TBC1D14,1
IRF4,LCORL,1
IRF4,PI4K2B,1
IRF4,DTHD1,1
IRF4,TLR6,1
IRF4,TMEM156,1
IRF4,KLHL5,1
IRF4,WDR19,1
IRF4,RFC1,1
IRF4,NIPAL1,1
IRF4,TMEM165,1
IRF4,CLOCK,1
IRF4,UBA6-DT,1
IRF4,TMPRSS11D,1
IRF4,STAP1,1
IRF4,AMBN,1
IRF4,SLC4A4,1
IRF4,COX18,1
IRF4,PRDM8-AS1,1
IRF4,MRPS18C,1
IRF4,GPRIN3,1
IRF4,ADH1B,1
IRF4,CXXC4,1
IRF4,PPA2,1
IRF4,OSTC,1
IRF4,SEC24D,1
IRF4,USP53,1
IRF4,SLC7A11,1
IRF4,TMEM184C,1
IRF4,ETFDH,1
IRF4,RAPGEF2,1
IRF4,NEK1,1
IRF4,ENPP6,1
IRF4,SLC25A4,1
IRF4,CLPTM1L,1
IRF4,LINC02236,1
IRF4,TRIO,1
IRF4,LINC02100,1
IRF4,MIER3,1
IRF4,GPBP1,1
IRF4,C5orf64,1
IRF4,ARHGEF28,1
IRF4,GFM2,1
IRF4,POLK,1
IRF4,ANKDD1B,1
IRF4,MSH3,1
IRF4,TMEM167A,1
IRF4,ERAP2,1
IRF4,ST8SIA4,1
IRF4,MACIR,1
IRF4,SLC25A46,1
IRF4,YTHDC2,1
IRF4,PRRC1,1
IRF4,HINT1,1
IRF4,TXNDC15,1
IRF4,SIL1,1
IRF4,SNHG4,1
IRF4,FAM114A2,1
IRF4,GALNT10,1
IRF4,SAP30L-AS1,1
IRF4,PPP1R2B,1
IRF4,TIMD4,1
IRF4,LMAN2,1
IRF4,FAM193B-DT,1
IRF4,CANX,1
IRF4,FOXQ1,1
IRF4,PPP1R3G,1
IRF4,BMP6,1
IRF4,TXNDC5,1
IRF4,MCUR1,1
IRF4,ATXN1,1
IRF4,HCG11,1
IRF4,H4C11,1
IRF4,H4C13,1
IRF4,H2BC17,1
IRF4,ZNF322,1
IRF4,H2BC9,1
IRF4,H2BC11,1
IRF4,H2AC11,1
IRF4,H2BC13,1
IRF4,H2AC13,1
IRF4,H3C11,1
IRF4,H3C12,1
IRF4,SCAND3,1
IRF4,HCG27,1
IRF4,SLC39A7,1
IRF4,HSD17B8,1
IRF4,ILRUN,1
IRF4,CPNE5,1
IRF4,GLP1R,1
IRF4,PGC,1
IRF4,AARS2,1
IRF4,CLIC5,1
IRF4,IBTK,1
IRF4,GABRR2,1
IRF4,UBE2J1,1
IRF4,ANKRD6,1
IRF4,ASCC3,1
IRF4,PDSS2,1
IRF4,NUS1,1
IRF4,MAN1A1,1
IRF4,ARHGAP18,1
IRF4,SAMD3,1
IRF4,MOXD1,1
IRF4,SLC2A12,1
IRF4,ALDH8A1,1
IRF4,TXLNB,1
IRF4,LINC01625,1
IRF4,HIVEP2,1
IRF4,LINC01277,1
IRF4,GINM1,1
IRF4,ARMT1,1
IRF4,SYNE1,1
IRF4,SUN1,1
IRF4,HDAC9,1
IRF4,HYCC1,1
IRF4,NUP42,1
IRF4,OSBPL3,1
IRF4,CYCS,1
IRF4,FKBP14-AS1,1
IRF4,PLEKHA8,1
IRF4,AVL9,1
IRF4,NT5C3A,1
IRF4,AMPH,1
IRF4,SEC61G,1
IRF4,SEC61G-DT,1
IRF4,SSC4D,1
IRF4,GTPBP10,1
IRF4,AKAP9,1
IRF4,CYP51A1,1
IRF4,MTERF1,1
IRF4,KRIT1,1
IRF4,ANKIB1,1
IRF4,SAMD9,1
IRF4,SAMD9L,1
IRF4,VPS50,1
IRF4,BET1-AS1,1
IRF4,BET1,1
IRF4,ASNS,1
IRF4,BHLHA15,1
IRF4,ZKSCAN5,1
IRF4,CYP3A4,1
IRF4,LHFPL3,1
IRF4,PIK3CG,1
IRF4,DNAJB9,1
IRF4,MDFIC,1
IRF4,FAM3C,1
IRF4,METTL2B,1
IRF4,EXOC4,1
IRF4,CREB3L2-AS1,1
IRF4,ZC3HAV1L,1
IRF4,PDIA4,1
IRF4,CHPF2,1
IRF4,RNF32,1
IRF4,UBE3C,1
IRF4,MCPH1,1
IRF4,AGPAT5,1
IRF4,ENTPD4,1
IRF4,TNFRSF10A,1
IRF4,CHMP7,1
IRF4,PTK2B,1
IRF4,NUGGC,1
IRF4,FBXO16,1
IRF4,FZD3,1
IRF4,MAK16,1
IRF4,IDO1,1
IRF4,IDO2,1
IRF4,PLAT,1
IRF4,BPNT2,1
IRF4,MTFR1,1
IRF4,TRIM55,1
IRF4,SLCO5A1,1
IRF4,TPD52,1
IRF4,RMDN1,1
IRF4,CPNE3,1
IRF4,MIR378D2HG,1
IRF4,MTDH,1
IRF4,POP1,1
IRF4,RNF19A,1
IRF4,ANKRD46,1
IRF4,GASAL1,1
IRF4,AZIN1,1
IRF4,OXR1,1
IRF4,PKHD1L1,1
IRF4,SAMD12,1
IRF4,SQLE,1
IRF4,TRIB1,1
IRF4,EFR3A,1
IRF4,ZFAT,1
IRF4,KANK1,1
IRF4,RFX3-DT,1
IRF4,JAK2,1
IRF4,PDCD1LG2,1
IRF4,RPS6,1
IRF4,TAF1L,1
IRF4,UNC13B,1
IRF4,CA9,1
IRF4,SLC25A51,1
IRF4,ZNG1F,1
IRF4,LINC01410,1
IRF4,ZNF658,1
IRF4,FAM27E3,1
IRF4,ZNG1C,1
IRF4,CARNMT1,1
IRF4,NMRK1,1
IRF4,SECISBP2,1
IRF4,SPTLC1,1
IRF4,IARS1,1
IRF4,ALG2,1
IRF4,SEC61B,1
IRF4,C9orf152,1
IRF4,ECPAS,1
IRF4,UGCG,1
IRF4,RC3H2,1
IRF4,GOLGA1,1
IRF4,HMCN2,1
IRF4,PLPP7,1
IRF4,SETX,1
IRF4,PRPS2,1
IRF4,TLR7,1
IRF4,TCEANC,1
IRF4,SAT1-DT,1
IRF4,PRDX4,1
IRF4,TASL,1
IRF4,XK,1
IRF4,ZNF630,1
IRF4,FAM156A,1
IRF4,OGT,1
IRF4,GCNA,1
IRF4,LINC00891,1
IRF4,MAGT1,1
IRF4,COX7B,1
IRF4,ATP7A,1
IRF4,PGAM4,1
IRF4,ARMCX3,1
IRF4,CUL4B,1
IRF4,MCTS1,1
IRF4,C1GALT1C1,1
IRF4,XIAP-AS1,1
IRF4,LINC00892,1
IRF4,SSR4,1
IRF4,ZNF275,1
IRF4,RAB39B,1
IRF8,LNCTAM34A,1
IRF8,UBIAD1,1
IRF8,NPPA,1
IRF8,PRDM2,1
IRF8,DNAJC16,1
IRF8,ELOA-AS1,1
IRF8,CNR2,1
IRF8,HMGCL,1
IRF8,IFNLR1,1
IRF8,NIPAL3,1
IRF8,NR0B2,1
IRF8,TMED4,1
IRF8,FAM76A,1
IRF8,RPA2,1
IRF8,EYA3,1
IRF8,ATP5IF1,1
IRF8,TRNAU1AP,1
IRF8,SNHG12,1
IRF8,OPRD1,1
IRF8,HDAC1,1
IRF8,ZBTB8OS,1
IRF8,ZMYM4-AS1,1
IRF8,LINC01685,1
IRF8,TMCO2,1
IRF8,SMAP2,1
IRF8,CAP1,1
IRF8,PPCS,1
IRF8,CCDC30,1
IRF8,SLC2A1-DT,1
IRF8,CFAP57,1
IRF8,EPS15,1
IRF8,EPS15-AS1,1
IRF8,TXNDC12,1
IRF8,LRP8-DT,1
IRF8,LINC02812,1
IRF8,CCDC18-AS1,1
IRF8,CNN3,1
IRF8,RWDD3,1
IRF8,DPH5-DT,1
IRF8,VAV3-AS1,1
IRF8,LINC02785,1
IRF8,CFAP276,1
IRF8,STRIP1,1
IRF8,KCNC4-DT,1
IRF8,KCNC4,1
IRF8,SLC16A4,1
IRF8,LAMTOR5,1
IRF8,CD53,1
IRF8,DRAM2,1
IRF8,CEPT1,1
IRF8,CHI3L2,1
IRF8,C1orf162,1
IRF8,DENND2D,1
IRF8,WNT2B,1
IRF8,CAPZA1,1
IRF8,BCAS2,1
IRF8,SEC22B,1
IRF8,SRGAP2-AS1,1
IRF8,NBPF15,1
IRF8,FMO5,1
IRF8,LINC00624,1
IRF8,LINC01138,1
IRF8,ARNT,1
IRF8,C1orf56,1
IRF8,GABPB2,1
IRF8,LENEP,1
IRF8,SLC50A1,1
IRF8,KRTCAP2,1
IRF8,RUSC1-AS1,1
IRF8,ASH1L-AS1,1
IRF8,ARHGEF2-AS2,1
IRF8,TTC24,1
IRF8,FCRL5,1
IRF8,FCRL3,1
IRF8,FCRL2,1
IRF8,FCRL1,1
IRF8,FCRL4,1
IRF8,CD1A,1
IRF8,ATP1A2,1
IRF8,SLAMF6,1
IRF8,SLAMF1,1
IRF8,DCAF8-DT,1
IRF8,LY9,1
IRF8,TSTD1,1
IRF8,FCGR2B,1
IRF8,FCRLB,1
IRF8,SELL,1
IRF8,RABGAP1L-AS1,1
IRF8,C1orf220,1
IRF8,RALGPS2,1
IRF8,RALGPS2-AS1,1
IRF8,ANGPTL1,1
IRF8,PTPRC,1
IRF8,ELK4,1
IRF8,PFKFB2,1
IRF8,PIGR,1
IRF8,C4BPA,1
IRF8,CR2,1
IRF8,CR1L,1
IRF8,TATDN3,1
IRF8,LYPLAL1-DT,1
IRF8,LYPLAL1,1
IRF8,LYPLAL1-AS1,1
IRF8,MARK1,1
IRF8,C1orf115,1
IRF8,MTARC2,1
IRF8,TAF1A-AS1,1
IRF8,AIDA,1
IRF8,FAM177B,1
IRF8,DEGS1,1
IRF8,ENAH,1
IRF8,ITPKB-IT1,1
IRF8,TTC13,1
IRF8,ARID4B,1
IRF8,KMO,1
IRF8,OR14A2,1
IRF8,OR2L2,1
IRF8,IL2RA,1
IRF8,PIP4K2A,1
IRF8,COMMD3,1
IRF8,C10orf67,1
IRF8,MTPAP,1
IRF8,MAP3K8,1
IRF8,ZNF248,1
IRF8,ZNF248-AS1,1
IRF8,OR13A1,1
IRF8,WDFY4,1
IRF8,SGMS1-AS1,1
IRF8,HERC4,1
IRF8,ASCC1,1
IRF8,ANAPC16,1
IRF8,DNAJC9-AS1,1
IRF8,CFAP70,1
IRF8,MSS51,1
IRF8,PPP3CB-AS1,1
IRF8,ADK,1
IRF8,TMEM254-AS1,1
IRF8,TMEM254,1
IRF8,PCGF5,1
IRF8,ENTPD1-AS1,1
IRF8,CUTC,1
IRF8,COX15,1
IRF8,ABCC2,1
IRF8,BLOC1S2,1
IRF8,PKD2L1,1
IRF8,NDUFB8,1
IRF8,HIF1AN,1
IRF8,OGA,1
IRF8,KCNIP2,1
IRF8,ARMH3,1
IRF8,SHOC2,1
IRF8,INPP5F,1
IRF8,GRK5,1
IRF8,PLEKHA1,1
IRF8,LINC01165,1
IRF8,UBQLNL,1
IRF8,TRIM34,1
IRF8,TRIM22,1
IRF8,OR52P1,1
IRF8,OR56B1,1
IRF8,OR52N4,1
IRF8,OR56B2P,1
IRF8,SYT9-AS1,1
IRF8,OLFML1,1
IRF8,CYB5R2,1
IRF8,SWAP70,1
IRF8,SBF2-AS1,1
IRF8,IRAG1-AS1,1
IRF8,RNF141,1
IRF8,ZBED5,1
IRF8,ZBED5-AS1,1
IRF8,TPH1,1
IRF8,SAA1,1
IRF8,LDHAL6A,1
IRF8,MISFA,1
IRF8,IGSF22,1
IRF8,CD82,1
IRF8,AGBL2,1
IRF8,GLYATL1,1
IRF8,GLYATL1B,1
IRF8,FAM111A-DT,1
IRF8,MS4A14,1
IRF8,MS4A1,1
IRF8,MS4A7,1
IRF8,TMEM216,1
IRF8,TMEM179B,1
IRF8,GPHA2,1
IRF8,MAJIN,1
IRF8,BATF2,1
IRF8,SYVN1,1
IRF8,SLC25A45,1
IRF8,BBS1,1
IRF8,RBM4,1
IRF8,RBM4B,1
IRF8,RAD9A,1
IRF8,POLD4,1
IRF8,CLCF1,1
IRF8,CABP4,1
IRF8,TMEM134,1
IRF8,CCND1,1
IRF8,IL18BP,1
IRF8,XNDC1N,1
IRF8,PDE2A-AS2,1
IRF8,FCHSD2,1
IRF8,UVRAG,1
IRF8,RAB30-DT,1
IRF8,LINC02951,1
IRF8,RAB30,1
IRF8,GPR83,1
IRF8,LNCRNA-IUR,1
IRF8,ENDOD1,1
IRF8,CCDC82,1
IRF8,BIRC3,1
IRF8,TMEM123-DT,1
IRF8,NPAT,1
IRF8,C11orf65,1
IRF8,LINC02550,1
IRF8,POU2AF3,1
IRF8,PAFAH1B2,1
IRF8,BACE1-AS,1
IRF8,FXYD2,1
IRF8,ATP5MG,1
IRF8,CXCR5,1
IRF8,KCNJ1,1
IRF8,TP53AIP1,1
IRF8,ST14,1
IRF8,RAD52,1
IRF8,DYRK4,1
IRF8,AKAP3,1
IRF8,CD27-AS1,1
IRF8,TAPBPL,1
IRF8,LPAR5,1
IRF8,CLEC2D,1
IRF8,LINC02390,1
IRF8,ATF7IP,1
IRF8,C12orf60,1
IRF8,GUCY2C,1
IRF8,ERP27,1
IRF8,DNAI7,1
IRF8,ETFRF1,1
IRF8,MANSC4,1
IRF8,AK4P3,1
IRF8,ETFBKMT,1
IRF8,AMN1,1
IRF8,LINC02422,1
IRF8,H3-5,1
IRF8,LINC02471,1
IRF8,LRRK2-DT,1
IRF8,SCAF11,1
IRF8,SLC38A1,1
IRF8,RPAP3-DT,1
IRF8,AMIGO2,1
IRF8,LINC02416,1
IRF8,LINC02156,1
IRF8,RPAP3,1
IRF8,PRR13,1
IRF8,BLOC1S1,1
IRF8,RDH5,1
IRF8,ORMDL2,1
IRF8,STAT2,1
IRF8,RDH16,1
IRF8,STAT6,1
IRF8,NXPH4,1
IRF8,R3HDM2,1
IRF8,LINC02421,1
IRF8,IFNG,1
IRF8,IL22,1
IRF8,THAP2,1
IRF8,TMEM19,1
IRF8,EXOSC1,1
IRF8,PAWR,1
IRF8,PPP1R12A,1
IRF8,LINC02404,1
IRF8,BTG1-DT,1
IRF8,LINC02397,1
IRF8,NDUFA12,1
IRF8,LTA4H,1
IRF8,LINC02453,1
IRF8,ANKS1B,1
IRF8,TCTN1,1
IRF8,ANKRD13A,1
IRF8,VPS29,1
IRF8,HVCN1,1
IRF8,TESC-AS1,1
IRF8,POP5,1
IRF8,RNF34,1
IRF8,GOLGA3,1
IRF8,ZNF26,1
IRF8,SPATA13-AS1,1
IRF8,PCOTH,1
IRF8,C1QTNF9B,1
IRF8,PAN3,1
IRF8,ALOX5AP,1
IRF8,LINC00398,1
IRF8,LINC00545,1
IRF8,LINC00390,1
IRF8,RUBCNL,1
IRF8,LRCH1,1
IRF8,CAB39L,1
IRF8,PHF11,1
IRF8,SPRYD7,1
IRF8,TRIM13,1
IRF8,KCNRG,1
IRF8,SERPINE3,1
IRF8,INTS6-AS1,1
IRF8,GPR183,1
IRF8,ANKRD10,1
IRF8,MDP1,1
IRF8,NEDD8,1
IRF8,DHRS1,1
IRF8,CARMIL3,1
IRF8,TGM1,1
IRF8,CBLN3,1
IRF8,GZMB,1
IRF8,HEATR5A,1
IRF8,HEATR5A-DT,1
IRF8,LINC01588,1
IRF8,KLHDC1,1
IRF8,VCPKMT,1
IRF8,GMFB,1
IRF8,SAMD4A-AS1,1
IRF8,DHRS7,1
IRF8,SLC38A6,1
IRF8,ZBTB25,1
IRF8,LINC02324,1
IRF8,DCAF4,1
IRF8,COA8,1
IRF8,LINC02280,1
IRF8,NDUFAF1,1
IRF8,RAD51-AS1,1
IRF8,CCNDBP1,1
IRF8,CATSPER2,1
IRF8,ELL3,1
IRF8,EIF3J-DT,1
IRF8,SPG11,1
IRF8,PATL2,1
IRF8,B2M,1
IRF8,TRIM69,1
IRF8,DUOX1,1
IRF8,GATM,1
IRF8,SLC30A4,1
IRF8,GNB5,1
IRF8,CERNA1,1
IRF8,PIGB,1
IRF8,MINDY2-DT,1
IRF8,RNF111,1
IRF8,CIAO2A,1
IRF8,DAPK2,1
IRF8,SNX22,1
IRF8,RBPMS2,1
IRF8,MTFMT,1
IRF8,DENND4A,1
IRF8,UACA,1
IRF8,TMEM266,1
IRF8,TSPAN3,1
IRF8,ST20,1
IRF8,ST20-AS1,1
IRF8,ZFAND6,1
IRF8,LINC01583,1
IRF8,SAXO2,1
IRF8,GDPGP1,1
IRF8,CRTC3-AS1,1
IRF8,LINC02244,1
IRF8,NUBP1,1
IRF8,CIITA,1
IRF8,DEXI,1
IRF8,CLEC16A,1
IRF8,MARF1,1
IRF8,SYT17,1
IRF8,NPIPB3,1
IRF8,LYRM1,1
IRF8,GGA2,1
IRF8,PRKCB,1
IRF8,SLC5A11,1
IRF8,ARHGAP17,1
IRF8,LCMT1-AS1,1
IRF8,NPIPB11,1
IRF8,C16orf54,1
IRF8,ZNF747-DT,1
IRF8,GPT2,1
IRF8,DNAJA2-DT,1
IRF8,BBS2,1
IRF8,ATP6V0D1-DT,1
IRF8,DPEP2,1
IRF8,DUS2,1
IRF8,ESRP2,1
IRF8,CPHXL2,1
IRF8,DUXB,1
IRF8,PLCG2,1
IRF8,ATP2C2,1
IRF8,P2RX5-TAX1BP3,1
IRF8,P2RX5,1
IRF8,ITGAE,1
IRF8,COX10-DT,1
IRF8,COX10,1
IRF8,PIGL,1
IRF8,FMC1,1
IRF8,ZNF287,1
IRF8,LGALS9C,1
IRF8,PRPSAP2,1
IRF8,GRAPL,1
IRF8,AKAP10,1
IRF8,CCDC144NL-AS1,1
IRF8,PIPOX,1
IRF8,NSRP1,1
IRF8,CRLF3,1
IRF8,UTP6,1
IRF8,CCR7,1
IRF8,KRTAP4-12,1
IRF8,KRTAP4-6,1
IRF8,KRTAP16-1,1
IRF8,ASB16,1
IRF8,ASB16-AS1,1
IRF8,ATXN7L3-AS1,1
IRF8,ARL17B,1
IRF8,NSF,1
IRF8,WNT3,1
IRF8,CDK5RAP3,1
IRF8,PPM1E,1
IRF8,TUBD1,1
IRF8,RNFT1,1
IRF8,HEATR6-DT,1
IRF8,GH1,1
IRF8,ICAM2,1
IRF8,POLG2,1
IRF8,AMZ2,1
IRF8,ABCA6,1
IRF8,SDK2,1
IRF8,GRB2,1
IRF8,SYNGR2,1
IRF8,MYOM1,1
IRF8,MYL12A,1
IRF8,DLGAP1-AS1,1
IRF8,MYL12B,1
IRF8,FAM210A,1
IRF8,PSMA8,1
IRF8,ZNF397,1
IRF8,FHOD3,1
IRF8,RPRD1A,1
IRF8,ELP2,1
IRF8,SETBP1,1
IRF8,ZNF532,1
IRF8,NFATC1,1
IRF8,LINC03101,1
IRF8,DIRAS1,1
IRF8,PTPRS,1
IRF8,CD70,1
IRF8,ARHGEF18-AS1,1
IRF8,FCER2,1
IRF8,DOCK6-AS1,1
IRF8,SWSAP1,1
IRF8,RGL3,1
IRF8,TMEM205,1
IRF8,CNN1,1
IRF8,ZNF441,1
IRF8,ACP5,1
IRF8,CLEC17A,1
IRF8,EPS15L1,1
IRF8,BISPR,1
IRF8,MAST3,1
IRF8,ZNF506,1
IRF8,LINC00663,1
IRF8,ZNF208,1
IRF8,GARRE1,1
IRF8,FAM187B,1
IRF8,CD22,1
IRF8,PSENEN,1
IRF8,LIN37,1
IRF8,DMKN,1
IRF8,HAUS5-DT,1
IRF8,ZBTB32,1
IRF8,IGFLR1,1
IRF8,SIPA1L3,1
IRF8,CAPN12,1
IRF8,RINL,1
IRF8,LINC01480,1
IRF8,CEACAM21,1
IRF8,LNROP,1
IRF8,POU2F2-AS2,1
IRF8,CNFN,1
IRF8,ZNF404,1
IRF8,SNRPD2,1
IRF8,DMPK,1
IRF8,SLC6A16,1
IRF8,CD37,1
IRF8,TEAD2,1
IRF8,DKKL1,1
IRF8,KLK4,1
IRF8,SIGLEC6,1
IRF8,SIGLEC5,1
IRF8,SIGLEC14,1
IRF8,SPACA6,1
IRF8,ZNF175,1
IRF8,ZNF577,1
IRF8,ZNF528-AS1,1
IRF8,ZNF528,1
IRF8,ZNF83,1
IRF8,ZNF600,1
IRF8,ZNF468,1
IRF8,ZNF888-AS1,1
IRF8,ZNF160,1
IRF8,KIR2DL4,1
IRF8,NLRP9,1
IRF8,TRIB2,1
IRF8,MIR3681HG,1
IRF8,GEN1,1
IRF8,GDF7,1
IRF8,ITSN2,1
IRF8,PTRHD1,1
IRF8,OST4,1
IRF8,ATRAID,1
IRF8,LCLAT1,1
IRF8,CAPN14,1
IRF8,GPATCH11,1
IRF8,EML4-AS1,1
IRF8,PPP1R21,1
IRF8,CLHC1,1
IRF8,MIR4432HG,1
IRF8,BCL11A,1
IRF8,PUS10,1
IRF8,C2orf74-DT,1
IRF8,LINC01800,1
IRF8,LINC02245,1
IRF8,ARHGAP25,1
IRF8,PAIP2B,1
IRF8,STAMBP,1
IRF8,TTC31,1
IRF8,PCGF1,1
IRF8,LINC01964,1
IRF8,RGPD2,1
IRF8,KRCC1,1
IRF8,TMEM131,1
IRF8,C2orf15,1
IRF8,COA5,1
IRF8,UNC50,1
IRF8,LIPT1,1
IRF8,MRPS9,1
IRF8,LINC01918,1
IRF8,MRPS9-AS1,1
IRF8,PAX8-AS1,1
IRF8,LINC02936,1
IRF8,ACTR3-AS1,1
IRF8,LINC01191,1
IRF8,DDX18,1
IRF8,INSIG2,1
IRF8,DBI,1
IRF8,MAP3K2-DT,1
IRF8,CCDC115,1
IRF8,IMP4,1
IRF8,MGAT5,1
IRF8,CCNT2-AS1,1
IRF8,ACMSD,1
IRF8,DARS1,1
IRF8,DARS1-AS1,1
IRF8,CXCR4,1
IRF8,SPOPL-DT,1
IRF8,KYNU,1
IRF8,ORC4,1
IRF8,KIF5C-AS1,1
IRF8,LY75,1
IRF8,TANK,1
IRF8,TLK1,1
IRF8,METTL8,1
IRF8,CCDC141,1
IRF8,HECW2,1
IRF8,HECW2-AS1,1
IRF8,ANKRD44,1
IRF8,ANKRD44-IT1,1
IRF8,TRAK2,1
IRF8,STRADB,1
IRF8,FAM117B,1
IRF8,METTL21A,1
IRF8,LINC01857,1
IRF8,KANSL1L-AS1,1
IRF8,MAP2,1
IRF8,LANCL1-AS1,1
IRF8,ARPC2,1
IRF8,PNKD,1
IRF8,CNOT9,1
IRF8,SLC23A3,1
IRF8,SCG2,1
IRF8,AP1S3,1
IRF8,RHBDD1,1
IRF8,SP140,1
IRF8,SP140L,1
IRF8,SP100,1
IRF8,B3GNT7,1
IRF8,HDAC4-AS1,1
IRF8,TMC2,1
IRF8,SHLD1,1
IRF8,MGME1,1
IRF8,NAA20,1
IRF8,KIF3B,1
IRF8,CBFA2T2,1
IRF8,UQCC1,1
IRF8,BLCAP,1
IRF8,TGM2,1
IRF8,LPIN3,1
IRF8,TTPAL,1
IRF8,PKIG,1
IRF8,OSER1-DT,1
IRF8,NFATC2,1
IRF8,BCAS1,1
IRF8,EDN3,1
IRF8,PCMTD2,1
IRF8,MIR155HG,1
IRF8,RWDD2B,1
IRF8,MAP3K7CL,1
IRF8,IFNAR1,1
IRF8,CRYZL1,1
IRF8,BACE2,1
IRF8,MX2,1
IRF8,MX1,1
IRF8,PKNOX1,1
IRF8,ITGB2-AS1,1
IRF8,LINC01547,1
IRF8,WDR54,1
IRF8,MICAL3,1
IRF8,MRPL40,1
IRF8,ZNF280B,1
IRF8,RAB36,1
IRF8,SLC2A11,1
IRF8,RFPL3,1
IRF8,LARGE1,1
IRF8,LARGE-IT1,1
IRF8,POLR2F,1
IRF8,TPTEP2-CSNK1E,1
IRF8,ENTHD1,1
IRF8,TNRC6B,1
IRF8,SGSM3-AS1,1
IRF8,RBX1,1
IRF8,SREBF2,1
IRF8,SHISA8,1
IRF8,TNFRSF13C,1
IRF8,WBP2NL,1
IRF8,EFCAB6-DT,1
IRF8,CHL1-AS2,1
IRF8,CHL1,1
IRF8,CHL1-AS1,1
IRF8,ITPR1,1
IRF8,ARPC4,1
IRF8,CIDEC,1
IRF8,FANCD2,1
IRF8,LINC02022,1
IRF8,CCDC174,1
IRF8,LSM3,1
IRF8,KCNH8,1
IRF8,EFHB,1
IRF8,ZNF860,1
IRF8,GLB1,1
IRF8,SUSD5,1
IRF8,LINC01811,1
IRF8,TRAK1,1
IRF8,PRKAR2A-AS1,1
IRF8,RBM6,1
IRF8,RBM5,1
IRF8,PDHB,1
IRF8,ARL6IP5,1
IRF8,FOXP1,1
IRF8,FOXP1-AS1,1
IRF8,DHFR2,1
IRF8,BBX,1
IRF8,ZBED2,1
IRF8,GCSAM,1
IRF8,CCDC80,1
IRF8,CD200R1,1
IRF8,NEPRO-AS1,1
IRF8,SIDT1-AS1,1
IRF8,GRAMD1C,1
IRF8,ZDHHC23,1
IRF8,ZBTB20,1
IRF8,ZBTB20-AS5,1
IRF8,ZBTB20-AS2,1
IRF8,ZBTB20-AS3,1
IRF8,HCLS1,1
IRF8,IQCB1,1
IRF8,FAM162A,1
IRF8,WDR5B,1
IRF8,KPNA1,1
IRF8,EAF2,1
IRF8,PARP15,1
IRF8,PARP14,1
IRF8,MYLK-AS1,1
IRF8,MBD4,1
IRF8,CEP63,1
IRF8,HPS3,1
IRF8,CP,1
IRF8,P2RY12,1
IRF8,LINC00886,1
IRF8,PDCD10,1
IRF8,SERPINI1,1
IRF8,SEC62,1
IRF8,PHC3,1
IRF8,LRRC31,1
IRF8,FHL1P1,1
IRF8,SKIL,1
IRF8,CLDN11,1
IRF8,MFN1,1
IRF8,CRYGS,1
IRF8,ST6GAL1,1
IRF8,LINC01991,1
IRF8,LPP-AS2,1
IRF8,LPP,1
IRF8,LPP-AS1,1
IRF8,LINC02924,1
IRF8,MUC20-OT1,1
IRF8,LRCH3,1
IRF8,CFAP99,1
IRF8,ADD1,1
IRF8,HTT-AS,1
IRF8,DOK7,1
IRF8,FAM200B,1
IRF8,TLR10,1
IRF8,TMEM156,1
IRF8,WDR19,1
IRF8,SMIM14,1
IRF8,RHOH,1
IRF8,UGDH-AS1,1
IRF8,COMMD8,1
IRF8,ATP10D,1
IRF8,CORIN,1
IRF8,OCIAD2,1
IRF8,UGT2B15,1
IRF8,RUFY3,1
IRF8,CCNG2,1
IRF8,BMP2K,1
IRF8,PRKG2,1
IRF8,RASGEF1B,1
IRF8,MRPS18C,1
IRF8,HELQ,1
IRF8,ARHGAP24,1
IRF8,MAPK10,1
IRF8,PPM1K,1
IRF8,PPM1K-DT,1
IRF8,CCSER1,1
IRF8,PPP3CA,1
IRF8,BANK1,1
IRF8,CYP2U1,1
IRF8,LRIT3,1
IRF8,ANK2,1
IRF8,ANK2-AS1,1
IRF8,CAMK2D,1
IRF8,NDUFC1,1
IRF8,RAB33B-AS1,1
IRF8,ZNF827,1
IRF8,LINC01095,1
IRF8,LSM6,1
IRF8,TMEM154,1
IRF8,TMEM131L,1
IRF8,TRIM2,1
IRF8,MARCHF1,1
IRF8,MSMO1,1
IRF8,LRP2BP-AS1,1
IRF8,SLC1A3-AS1,1
IRF8,C5orf67,1
IRF8,GPBP1,1
IRF8,GAPT,1
IRF8,ADAMTS6,1
IRF8,MRPS36,1
IRF8,CD180,1
IRF8,RAD17,1
IRF8,CKMT2-AS1,1
IRF8,ACOT12,1
IRF8,MEF2C-AS2,1
IRF8,MEF2C-AS1,1
IRF8,ERAP2,1
IRF8,LIX1-AS1,1
IRF8,LIX1,1
IRF8,RGMB-AS1,1
IRF8,REEP5,1
IRF8,ATG12,1
IRF8,AP3S1,1
IRF8,ARL14EPL,1
IRF8,TNFAIP8,1
IRF8,DMXL1-DT,1
IRF8,LINC02201,1
IRF8,SNX2,1
IRF8,RAD50,1
IRF8,ZCCHC10,1
IRF8,FSTL4,1
IRF8,C5orf15,1
IRF8,MYOT,1
IRF8,CD74,1
IRF8,ZNF300,1
IRF8,FAT2,1
IRF8,SAP30L-AS1,1
IRF8,MED7,1
IRF8,FNDC9,1
IRF8,NIPAL4-DT,1
IRF8,ADAM19,1
IRF8,NIPAL4,1
IRF8,TTC1,1
IRF8,MAT2B,1
IRF8,THOC3-AS1,1
IRF8,SNCB,1
IRF8,ZNF354A,1
IRF8,HNRNPH1,1
IRF8,EXOC2,1
IRF8,SERPINB9P1,1
IRF8,SERPINB9,1
IRF8,PXDC1,1
IRF8,DSP-AS1,1
IRF8,DSP,1
IRF8,C6orf52,1
IRF8,TMEM14B-DT,1
IRF8,CD83,1
IRF8,LINC01108,1
IRF8,RNF144B,1
IRF8,ARMH2,1
IRF8,RIPOR2,1
IRF8,CARMIL1,1
IRF8,TRIM38,1
IRF8,BTN2A2,1
IRF8,ZNF165,1
IRF8,ZSCAN26,1
IRF8,NCR3,1
IRF8,ATF6B,1
IRF8,TSBP1-AS1,1
IRF8,TSBP1,1
IRF8,BTNL2,1
IRF8,HLA-DRA,1
IRF8,HLA-DRB5,1
IRF8,HLA-DQA2,1
IRF8,PSMB8-AS1,1
IRF8,PSMB9,1
IRF8,HLA-DRB1,1
IRF8,HLA-DQA1,1
IRF8,HLA-DQB1,1
IRF8,HLA-DQB1-AS1,1
IRF8,HLA-DOA,1
IRF8,HCG25,1
IRF8,HLA-DQB2,1
IRF8,HLA-DOB,1
IRF8,TAP2,1
IRF8,HLA-DMB,1
IRF8,HLA-DMA,1
IRF8,HLA-DPA1,1
IRF8,HLA-DPB1,1
IRF8,HCG24,1
IRF8,SAYSD1,1
IRF8,APOBEC2,1
IRF8,TREML2,1
IRF8,SLC22A7,1
IRF8,CRIP3,1
IRF8,ZNF318,1
IRF8,ELOVL5,1
IRF8,LMBRD1,1
IRF8,COL19A1,1
IRF8,CNR1,1
IRF8,BACH2,1
IRF8,MAP3K7,1
IRF8,MDN1-AS1,1
IRF8,SOBP,1
IRF8,FIG4,1
IRF8,CDK19,1
IRF8,REV3L-IT1,1
IRF8,ENPP1,1
IRF8,STX7,1
IRF8,PDE7B,1
IRF8,PDE7B-AS1,1
IRF8,PEX3,1
IRF8,HIVEP2-DT,1
IRF8,EPM2A-DT,1
IRF8,UST,1
IRF8,PLEKHG1,1
IRF8,TMEM242,1
IRF8,ZDHHC14,1
IRF8,TULP4,1
IRF8,EZR,1
IRF8,TBXT,1
IRF8,LNCDAT,1
IRF8,SFT2D1,1
IRF8,CCR6,1
IRF8,MAD1L1,1
IRF8,SNX8,1
IRF8,ZDHHC4,1
IRF8,LINC03016,1
IRF8,MIOS-DT,1
IRF8,UMAD1,1
IRF8,HDAC9,1
IRF8,GIRGL,1
IRF8,SP4,1
IRF8,STEAP1B,1
IRF8,STEAP1B-AS1,1
IRF8,IL6-AS1,1
IRF8,IL6,1
IRF8,HYCC1,1
IRF8,PALS2,1
IRF8,SNX10,1
IRF8,SKAP2,1
IRF8,JAZF1-AS1,1
IRF8,LINC03013,1
IRF8,SEPTIN7-DT,1
IRF8,CDK13,1
IRF8,SUGCT,1
IRF8,MRPL32,1
IRF8,UBE2D4,1
IRF8,SPDYE1,1
IRF8,ZNF107,1
IRF8,SPDYE5,1
IRF8,PHTF2,1
IRF8,ELAPOR2,1
IRF8,DMTF1,1
IRF8,TP53TG1,1
IRF8,CROT,1
IRF8,ABCB4,1
IRF8,SRI,1
IRF8,KRIT1,1
IRF8,SGCE,1
IRF8,ATP5MF,1
IRF8,ZNF789,1
IRF8,ZNF655,1
IRF8,TRIM4,1
IRF8,STAG3,1
IRF8,LAMTOR4,1
IRF8,SPDYE3,1
IRF8,ZCWPW1,1
IRF8,SRPK2,1
IRF8,PMPCB,1
IRF8,THAP5,1
IRF8,ING3,1
IRF8,WNT16,1
IRF8,FAM3C,1
IRF8,SND1-IT1,1
IRF8,NDUFB2,1
IRF8,PRSS1,1
IRF8,CASP2,1
IRF8,PIP,1
IRF8,PAXIP1-AS2,1
IRF8,RNF32,1
IRF8,PRAG1,1
IRF8,MTMR9,1
IRF8,BLK,1
IRF8,ADAM28,1
IRF8,ADAM7-AS1,1
IRF8,ADAMDEC1,1
IRF8,PNOC,1
IRF8,HMBOX1,1
IRF8,HMBOX1-IT1,1
IRF8,RNF170,1
IRF8,SLCO5A1-AS1,1
IRF8,LACTB2-AS1,1
IRF8,ZC2HC1A,1
IRF8,IL7,1
IRF8,MITA1,1
IRF8,LINC02605,1
IRF8,TPD52,1
IRF8,LINC01030,1
IRF8,DECR1,1
IRF8,PLEKHF2,1
IRF8,CFAP418-AS1,1
IRF8,CFAP418,1
IRF8,MIR3150BHG,1
IRF8,VPS13B-DT,1
IRF8,ZNNT1,1
IRF8,SYBU,1
IRF8,SAMD12,1
IRF8,RNF139-DT,1
IRF8,ASAP1-IT2,1
IRF8,HPYR1,1
IRF8,LINC02851,1
IRF8,KDM4C,1
IRF8,MOB3B,1
IRF8,SMIM27,1
IRF8,SMU1,1
IRF8,B4GALT1,1
IRF8,NFX1,1
IRF8,ARID3C,1
IRF8,PAX5,1
IRF8,EBLN3P,1
IRF8,ZCCHC7,1
IRF8,FBXO10,1
IRF8,LINC01627,1
IRF8,TOMM5,1
IRF8,ZNF169,1
IRF8,PRXL2C,1
IRF8,FKTN-AS1,1
IRF8,C9orf152,1
IRF8,UGCG,1
IRF8,INIP,1
IRF8,CDC26,1
IRF8,TEX53,1
IRF8,MIR600HG,1
IRF8,STPG3-AS1,1
IRF8,GPR143,1
IRF8,WWC3,1
IRF8,WWC3-AS1,1
IRF8,CLCN4,1
IRF8,LINC01203,1
IRF8,TCEANC,1
IRF8,TRAPPC2,1
IRF8,OFD1,1
IRF8,GRPR,1
IRF8,S100G,1
IRF8,CNKSR2,1
IRF8,EIF2S3,1
IRF8,GK-IT1,1
IRF8,DMD,1
IRF8,GPR82,1
IRF8,ZNF182,1
IRF8,KLF8,1
IRF8,SPIN3,1
IRF8,FAAH2,1
IRF8,P2RY10,1
IRF8,POF1B,1
IRF8,XKRX,1
IRF8,ARL13A,1
IRF8,TRMT2B,1
IRF8,PRPS1,1
IRF8,TSC22D3,1
IRF8,THOC2,1
IRF8,STAG2-AS1,1
IRF8,MAMLD1,1
JUND,SHLD2,1
JUND,PCNX3,1
JUND,ITPR1,1
JUND,CHRD,1
KLF10,TNFRSF14-AS1,1
KLF10,TTC34,1
KLF10,SRP68,1
KLF10,PRPSAP1,1
KLF10,WTIP,1
KLF10,SLC6A16,1
KLF10,RAI2,1
KLF10,FRMPD3,1
KLF10,RTL8A,1
KLF13,DPPA2,1
KLF3,RUFY1,1
KLF3,WDR5,1
KLF7,DFFA,1
KLF7,RUFY1,1
KLF7,WDR5,1
LEF1,C1orf159,1
LEF1,ARHGEF16,1
LEF1,LRRC47,1
LEF1,ENO1,1
LEF1,ENO1-AS1,1
LEF1,SLC2A7,1
LEF1,DISP3,1
LEF1,LYPLA2,1
LEF1,GALE,1
LEF1,SRSF10,1
LEF1,RHCE,1
LEF1,SNRNP40,1
LEF1,SERINC2,1
LEF1,LINC01226,1
LEF1,TINAGL1,1
LEF1,AK2,1
LEF1,PHC2,1
LEF1,PHC2-AS1,1
LEF1,FAM72B,1
LEF1,FAM72D,1
LEF1,FAM72A,1
LEF1,NEK2,1
LEF1,NEK2-DT,1
LEF1,DTL,1
LEF1,IDI1,1
LEF1,ADARB2-AS1,1
LEF1,CCDC3,1
LEF1,MCM10,1
LEF1,LINC02655,1
LEF1,DYDC2,1
LEF1,TSPAN14-AS1,1
LEF1,SH2D4B,1
LEF1,GOT1,1
LEF1,SLC25A28-DT,1
LEF1,PRR5L,1
LEF1,RAG1,1
LEF1,RAG2,1
LEF1,KDM4D,1
LEF1,PATE2,1
LEF1,HYLS1,1
LEF1,FGF6,1
LEF1,RAD51AP1,1
LEF1,KCNA6,1
LEF1,LINC02370,1
LEF1,DIAPH3,1
LEF1,LINC03082,1
LEF1,GPR176,1
LEF1,GPR176-DT,1
LEF1,MNS1,1
LEF1,TCF12-DT,1
LEF1,HDGFL3,1
LEF1,FLYWCH2,1
LEF1,PKMYT1,1
LEF1,PAQR4,1
LEF1,THOC6,1
LEF1,BICDL2,1
LEF1,USP10,1
LEF1,TOB1-AS1,1
LEF1,NME1-NME2,1
LEF1,DYM-AS1,1
LEF1,TXNL4A,1
LEF1,TPO,1
LEF1,PXDN,1
LEF1,KCNS3,1
LEF1,REG1B,1
LEF1,REG1A,1
LEF1,TSN,1
LEF1,ARL6IP6,1
LEF1,CCDC148,1
LEF1,NOSTRIN,1
LEF1,SPC25,1
LEF1,SGO2,1
LEF1,AOX1,1
LEF1,AOX3P-AOX2P,1
LEF1,LINC01792,1
LEF1,NIF3L1,1
LEF1,COPS8,1
LEF1,ACSS1,1
LEF1,TMPRSS3,1
LEF1,RSPH1-DT,1
LEF1,GNB1L,1
LEF1,COMT,1
LEF1,ARVCF,1
LEF1,TRMT2A,1
LEF1,RANBP1,1
LEF1,VPREB1,1
LEF1,TOP2B,1
LEF1,LRRC3B,1
LEF1,ARPP21,1
LEF1,ARPP21-AS1,1
LEF1,ATP1B3,1
LEF1,CRMP1,1
LEF1,LINC02273,1
LEF1,SKP2,1
LEF1,PART1,1
LEF1,DEPDC1B,1
LEF1,THBS4-AS1,1
LEF1,CKMT2,1
LEF1,SSBP2,1
LEF1,ATG10,1
LEF1,EDIL3,1
LEF1,P4HA2,1
LEF1,PPP2CA,1
LEF1,HMHB1,1
LEF1,SMIM3,1
LEF1,HNRNPAB,1
LEF1,LINC01626,1
LEF1,FAM135A-AS1,1
LEF1,AIMP2,1
LEF1,EIF2AK1,1
LEF1,CYTH3,1
LEF1,RAC1,1
LEF1,DAGLB,1
LEF1,SFRP4,1
LEF1,EPDR1,1
LEF1,TBRG4,1
LEF1,KIF24,1
LEF1,SPMIP6,1
LEF1,RASEF,1
LEF1,CT70,1
LHX4,ADAMTS9,1
MAF,GOLGA8M,1
MAF,GOLGA6L7,1
MAF,APBA2,1
MAF,ENTREP2,1
MAF,NSMCE3,1
MAF,CCDC82,1
MAF,AK9,1
MAZ,FN3K,1
MAZ,RPL14,1
MAZ,PRKAR1B,1
MAZ,DMTN,1
MAZ,FHIP2B,1
MAZ,SH3GLB2,1
MAZ,MIGA2,1
MAZ,IER5L-AS1,1
MEF2C,TPD52,1
MEOX1,VPS11,1
MEOX1,C2CD2L,1
MEOX1,NHERF4,1
MEOX1,MCAM,1
MEOX1,USP2,1
MEOX1,UPK2,1
MEOX1,CENATAC,1
MEOX1,DSC1,1
MEOX1,SATB1,1
MEOX1,SATB1-AS1,1
MEOX1,SEMA4D,1
MZF1,SRGAP2,1
NF2L1,LASTR,1
NF2L1,MLLT10,1
NF2L1,ECPAS,1
PAX6,SYTL2,1
PAX6,GNAZ,1
PAX6,TMEM131L,1
PO2F2,LINC01134,1
PO2F2,NOL9,1
PO2F2,SLC2A5,1
PO2F2,SPSB1,1
PO2F2,PRDM2,1
PO2F2,LINC01783,1
PO2F2,ALPL,1
PO2F2,ASAP3,1
PO2F2,CNR2,1
PO2F2,CLIC4,1
PO2F2,CAPN12,1
PO2F2,EYA3,1
PO2F2,INPP5B,1
PO2F2,POU3F1,1
PO2F2,MAST2,1
PO2F2,ZYG11A,1
PO2F2,JAK1,1
PO2F2,CCDC18,1
PO2F2,LINC02785,1
PO2F2,VAV3-AS1,1
PO2F2,DRAM2,1
PO2F2,CEPT1,1
PO2F2,DENND2D,1
PO2F2,CHI3L2,1
PO2F2,SEC22B,1
PO2F2,FCRL5,1
PO2F2,PEA15,1
PO2F2,SLAMF6,1
PO2F2,LY9,1
PO2F2,TSTD1,1
PO2F2,ARHGAP30,1
PO2F2,SCYL3,1
PO2F2,PRDX6-AS1,1
PO2F2,RABGAP1L,1
PO2F2,GPR52,1
PO2F2,RALGPS2-AS1,1
PO2F2,RALGPS2,1
PO2F2,ANGPTL1,1
PO2F2,C1orf220,1
PO2F2,RGS8,1
PO2F2,PTPRC,1
PO2F2,ELK4,1
PO2F2,IL19,1
PO2F2,CR2,1
PO2F2,CR1L,1
PO2F2,TRAF5,1
PO2F2,LINC00467,1
PO2F2,BPNT1,1
PO2F2,RAB3GAP2,1
PO2F2,MARK1,1
PO2F2,MIXL1,1
PO2F2,COA6-AS1,1
PO2F2,GGPS1,1
PO2F2,ARID4B,1
PO2F2,OR14A2,1
PO2F2,OR2L2,1
PO2F2,LARP4B,1
PO2F2,PIP4K2A,1
PO2F2,MTPAP,1
PO2F2,MAP3K8,1
PO2F2,TMEM273,1
PO2F2,OGA,1
PO2F2,CFAP58,1
PO2F2,SHOC2,1
PO2F2,INPP5F,1
PO2F2,CEND1,1
PO2F2,CNGA4,1
PO2F2,SWAP70,1
PO2F2,SBF2-AS1,1
PO2F2,RNF141,1
PO2F2,CD82,1
PO2F2,MS4A1,1
PO2F2,MS4A12,1
PO2F2,MS4A5,1
PO2F2,TRMT112,1
PO2F2,MALAT1,1
PO2F2,PDE2A-AS2,1
PO2F2,FCHSD2,1
PO2F2,RAB30,1
PO2F2,HTR3B,1
PO2F2,HTR3A,1
PO2F2,CXCR5,1
PO2F2,ETS1,1
PO2F2,CD27,1
PO2F2,VAMP1,1
PO2F2,LPAR5,1
PO2F2,GUCY2C-AS1,1
PO2F2,SOX5,1
PO2F2,LINC02471,1
PO2F2,LRRK2-DT,1
PO2F2,AMIGO2,1
PO2F2,PCED1B,1
PO2F2,LINC02416,1
PO2F2,LINC02156,1
PO2F2,PCED1B-AS1,1
PO2F2,PFKM,1
PO2F2,OR10AD1,1
PO2F2,SLC4A8,1
PO2F2,HOXC4,1
PO2F2,PAN2,1
PO2F2,IL22,1
PO2F2,PTPRB,1
PO2F2,PLEKHG7,1
PO2F2,SYCP3,1
PO2F2,SERP2,1
PO2F2,KLF12,1
PO2F2,DHRS7,1
PO2F2,KBTBD8,1
PO2F2,SGPP1,1
PO2F2,SYNE2,1
PO2F2,AKAP5,1
PO2F2,LINC02324,1
PO2F2,HEATR4,1
PO2F2,DEGS2,1
PO2F2,PPP2R5C,1
PO2F2,LINC02280,1
PO2F2,NIPA1,1
PO2F2,VPS39,1
PO2F2,ELL3,1
PO2F2,WDR76,1
PO2F2,ATOSA,1
PO2F2,RNF111,1
PO2F2,SLTM,1
PO2F2,MYO1E,1
PO2F2,LDHAL6B,1
PO2F2,RBPMS2,1
PO2F2,CSK,1
PO2F2,CTSH,1
PO2F2,RASGRF1,1
PO2F2,SAXO2,1
PO2F2,GOLGA6L10,1
PO2F2,LRRK1,1
PO2F2,NLRC3,1
PO2F2,SLX4,1
PO2F2,DNASE1,1
PO2F2,CIITA,1
PO2F2,DEXI,1
PO2F2,CLEC16A,1
PO2F2,NPIPB7,1
PO2F2,NPIPB11,1
PO2F2,NPIPB12,1
PO2F2,GPT2,1
PO2F2,DNAJA2-DT,1
PO2F2,AMFR,1
PO2F2,SLC12A3,1
PO2F2,CHTF8,1
PO2F2,DHX38,1
PO2F2,IRF8,1
PO2F2,LINC02132,1
PO2F2,ACSF3,1
PO2F2,ANKFY1,1
PO2F2,RABEP1,1
PO2F2,ZFP3,1
PO2F2,ZNF594-DT,1
PO2F2,SCIMP,1
PO2F2,INCA1,1
PO2F2,CCDC144NL-AS1,1
PO2F2,NLK,1
PO2F2,NSRP1,1
PO2F2,CDK5R1,1
PO2F2,TBC1D3F,1
PO2F2,WNT3,1
PO2F2,CDK5RAP3,1
PO2F2,SKAP1-AS1,1
PO2F2,SKAP1-AS2,1
PO2F2,GNGT2,1
PO2F2,ABI3,1
PO2F2,PPP1R9B,1
PO2F2,LUC7L3,1
PO2F2,DLGAP1,1
PO2F2,SS18,1
PO2F2,PSMA8,1
PO2F2,LINC01543,1
PO2F2,FHOD3,1
PO2F2,ZNF532,1
PO2F2,LINC01926,1
PO2F2,ZNF236-DT,1
PO2F2,NFATC1,1
PO2F2,DIRAS1,1
PO2F2,CD70,1
PO2F2,ANGPTL6,1
PO2F2,S1PR2,1
PO2F2,MAST3,1
PO2F2,LSM14A,1
PO2F2,GARRE1,1
PO2F2,WTIP,1
PO2F2,HAUS5-DT,1
PO2F2,ZBTB32,1
PO2F2,KCNN4,1
PO2F2,SMG9,1
PO2F2,NPAS1,1
PO2F2,ZC3H4,1
PO2F2,KLK2,1
PO2F2,ZNF766,1
PO2F2,ZNF480,1
PO2F2,ZNF880,1
PO2F2,ZNF528-AS1,1
PO2F2,ZNF528,1
PO2F2,ADCY3,1
PO2F2,PLEKHH2,1
PO2F2,KCNK12,1
PO2F2,MSH2-OT1,1
PO2F2,PPP1R21,1
PO2F2,BCL11A,1
PO2F2,PUS10,1
PO2F2,C2orf74-DT,1
PO2F2,ARHGAP25,1
PO2F2,ANXA4,1
PO2F2,RGPD2,1
PO2F2,TMEM131,1
PO2F2,LONRF2,1
PO2F2,LINC02936,1
PO2F2,ACTR3,1
PO2F2,LINC01191,1
PO2F2,MGAT5,1
PO2F2,KYNU,1
PO2F2,COBLL1,1
PO2F2,WIPF1,1
PO2F2,CHRNA1,1
PO2F2,HECW2,1
PO2F2,HECW2-AS1,1
PO2F2,LINC01857,1
PO2F2,SGPP2,1
PO2F2,AP1S3,1
PO2F2,TRAF3IP1,1
PO2F2,RAMP1,1
PO2F2,CFAP61,1
PO2F2,KIF3B,1
PO2F2,ASXL1,1
PO2F2,RPRD1B,1
PO2F2,TGM2,1
PO2F2,PPP1R16B,1
PO2F2,LPIN3,1
PO2F2,LINC01754,1
PO2F2,LINC00494,1
PO2F2,PARD6B,1
PO2F2,NFATC2,1
PO2F2,BCAS1,1
PO2F2,MAP3K7CL,1
PO2F2,RWDD2B,1
PO2F2,MX1,1
PO2F2,SPECC1L,1
PO2F2,UQCR10,1
PO2F2,LARGE-IT1,1
PO2F2,LARGE-AS1,1
PO2F2,A4GALT,1
PO2F2,CHL1,1
PO2F2,XPC,1
PO2F2,KCNH8,1
PO2F2,OSBPL10,1
PO2F2,ZNF860,1
PO2F2,PXK,1
PO2F2,CFAP20DC,1
PO2F2,LINC01215,1
PO2F2,GCSAM,1
PO2F2,CD200R1,1
PO2F2,ZBTB20-AS4,1
PO2F2,CD80,1
PO2F2,ADPRH,1
PO2F2,POPDC2,1
PO2F2,COX17,1
PO2F2,SLC12A8,1
PO2F2,MBD4,1
PO2F2,HPS3,1
PO2F2,LRRC31,1
PO2F2,SAMD7,1
PO2F2,MFN1,1
PO2F2,CRYGS,1
PO2F2,ST6GAL1,1
PO2F2,LPP-AS1,1
PO2F2,LPP,1
PO2F2,FGF12,1
PO2F2,LINC02924,1
PO2F2,RUBCN,1
PO2F2,LRCH3,1
PO2F2,GBA3,1
PO2F2,STAP1,1
PO2F2,BMP2K,1
PO2F2,CFAP299,1
PO2F2,RASGEF1B,1
PO2F2,ARHGAP24,1
PO2F2,PPP3CA,1
PO2F2,BANK1,1
PO2F2,ANK2,1
PO2F2,CAMK2D,1
PO2F2,UGT8,1
PO2F2,FHDC1,1
PO2F2,TRIM2,1
PO2F2,TMEM131L,1
PO2F2,GLRA3,1
PO2F2,ADAM29,1
PO2F2,GPM6A,1
PO2F2,LINC01018,1
PO2F2,CTNND2,1
PO2F2,MTMR12,1
PO2F2,DDX4,1
PO2F2,MRPS36,1
PO2F2,RAD17,1
PO2F2,MARVELD2,1
PO2F2,AP3S1,1
PO2F2,LVRN,1
PO2F2,ARL14EPL,1
PO2F2,PITX1,1
PO2F2,PKD2L2-DT,1
PO2F2,MYOT,1
PO2F2,NIPAL4-DT,1
PO2F2,LINC01845,1
PO2F2,RNF144B,1
PO2F2,RIPOR2,1
PO2F2,PSORS1C3,1
PO2F2,LINC01149,1
PO2F2,NCR3,1
PO2F2,ATF6B,1
PO2F2,TSBP1-AS1,1
PO2F2,TSBP1,1
PO2F2,BTNL2,1
PO2F2,HLA-DRA,1
PO2F2,HLA-DRB5,1
PO2F2,HLA-DRB1,1
PO2F2,HLA-DQA1,1
PO2F2,HLA-DQB1,1
PO2F2,HLA-DQB1-AS1,1
PO2F2,HLA-DQA2,1
PO2F2,HLA-DQB2,1
PO2F2,SMIM29,1
PO2F2,ILRUN-AS1,1
PO2F2,BRPF3-AS1,1
PO2F2,ETV7,1
PO2F2,DNAH8,1
PO2F2,ELOVL5,1
PO2F2,LMBRD1,1
PO2F2,COL19A1,1
PO2F2,C6orf163,1
PO2F2,CDK19,1
PO2F2,REV3L-IT1,1
PO2F2,KPNA5,1
PO2F2,VNN2,1
PO2F2,EPM2A-DT,1
PO2F2,ZC3H12D,1
PO2F2,PLEKHG1,1
PO2F2,NOX3,1
PO2F2,SNX8,1
PO2F2,UMAD1,1
PO2F2,LINC02889,1
PO2F2,LINC03013,1
PO2F2,SEPTIN7-DT,1
PO2F2,COA1,1
PO2F2,MRPS24,1
PO2F2,STK17A,1
PO2F2,IKZF1,1
PO2F2,CDK14,1
PO2F2,TRIM4,1
PO2F2,STAG3,1
PO2F2,DUS4L-BCAP29,1
PO2F2,MDFIC,1
PO2F2,LINC01393,1
PO2F2,SPMIP1,1
PO2F2,RNF32,1
PO2F2,MTMR9,1
PO2F2,SLC35G5,1
PO2F2,BLK,1
PO2F2,EGR3,1
PO2F2,RHOBTB2,1
PO2F2,CHMP7,1
PO2F2,LOXL2,1
PO2F2,LOXL2-AS1,1
PO2F2,ENTPD4,1
PO2F2,NUGGC,1
PO2F2,GPAT4-AS1,1
PO2F2,PXDNL,1
PO2F2,PCMTD1,1
PO2F2,PCMTD1-DT,1
PO2F2,TCEA1,1
PO2F2,LINC02605,1
PO2F2,IL7,1
PO2F2,TPD52,1
PO2F2,RRM2B,1
PO2F2,CASC19,1
PO2F2,PTK2,1
PO2F2,SLC24A2,1
PO2F2,PAX5,1
PO2F2,EBLN3P,1
PO2F2,FBXO10,1
PO2F2,TOMM5,1
PO2F2,LINC01627,1
PO2F2,TRMT10B,1
PO2F2,LERFS,1
PO2F2,FAM88B,1
PO2F2,NANS,1
PO2F2,LCN8,1
PO2F2,GPR143,1
PO2F2,WWC3,1
PO2F2,CLCN4,1
PO2F2,LINC01203,1
PO2F2,SLC9A7,1
PO2F2,KANTR,1
PO2F2,SPIN3,1
PO2F2,FAAH2,1
PO2F2,POF1B,1
PO2F2,LINC00892,1
PO2F2,AFF2,1
PO2F2,AFF2-IT1,1
PO2F2,EIF1AY,1
PO5F1,WDTC1,1
PO5F1,POU3F1,1
PO5F1,LINC02811,1
PO5F1,MAST2,1
PO5F1,ZYG11A,1
PO5F1,NDC1,1
PO5F1,HS2ST1,1
PO5F1,NBPF15,1
PO5F1,RABGAP1L-DT,1
PO5F1,RABGAP1L,1
PO5F1,GPR52,1
PO5F1,C1orf220,1
PO5F1,RALGPS2-AS1,1
PO5F1,LINC01686,1
PO5F1,RGS8,1
PO5F1,NIBAN1,1
PO5F1,TMEM81,1
PO5F1,ELK4,1
PO5F1,SLC41A1,1
PO5F1,CR2,1
PO5F1,CR1L,1
PO5F1,BPNT1,1
PO5F1,RAB3GAP2,1
PO5F1,MIXL1,1
PO5F1,PARP1,1
PO5F1,ACTA1,1
PO5F1,PGBD5,1
PO5F1,ACTN2,1
PO5F1,ASB13,1
PO5F1,TASOR2,1
PO5F1,FAM107B,1
PO5F1,SGMS1,1
PO5F1,HERC4,1
PO5F1,DNAJC9-AS1,1
PO5F1,CFAP70,1
PO5F1,MSS51,1
PO5F1,PPP3CB,1
PO5F1,KCNMA1,1
PO5F1,WAPL-DT,1
PO5F1,KLLN,1
PO5F1,ARHGAP19,1
PO5F1,CFAP58,1
PO5F1,INPP5F,1
PO5F1,FAM53B,1
PO5F1,MIR210HG,1
PO5F1,CEND1,1
PO5F1,SWAP70,1
PO5F1,KCNJ11,1
PO5F1,ABCC8,1
PO5F1,KIAA1549L,1
PO5F1,LPXN,1
PO5F1,MS4A5,1
PO5F1,INCENP,1
PO5F1,SYVN1,1
PO5F1,SPDYC,1
PO5F1,CAPN1-AS1,1
PO5F1,RAB1B,1
PO5F1,CTTN,1
PO5F1,SHANK2,1
PO5F1,RNF121,1
PO5F1,TMEM123-DT,1
PO5F1,MMP7,1
PO5F1,MMP20,1
PO5F1,PDGFD,1
PO5F1,DDI1,1
PO5F1,HTR3B,1
PO5F1,HTR3A,1
PO5F1,ST14,1
PO5F1,NTF3,1
PO5F1,PEX5,1
PO5F1,AICDA,1
PO5F1,MFAP5,1
PO5F1,SOX5-AS1,1
PO5F1,LINC02909,1
PO5F1,IRAG2,1
PO5F1,AMIGO2,1
PO5F1,LINC02156,1
PO5F1,PCED1B,1
PO5F1,RPAP3,1
PO5F1,HDAC7,1
PO5F1,LINC02354,1
PO5F1,PFKM,1
PO5F1,SENP1,1
PO5F1,OR10AD1,1
PO5F1,FAM186B,1
PO5F1,FMNL3,1
PO5F1,BCDIN3D-AS1,1
PO5F1,LIMA1,1
PO5F1,FAM186A,1
PO5F1,ESPL1,1
PO5F1,RAP1B,1
PO5F1,MYRFL,1
PO5F1,KCNMB4,1
PO5F1,DCN,1
PO5F1,LINC02413,1
PO5F1,VEZT,1
PO5F1,METAP2,1
PO5F1,USP44,1
PO5F1,RFX4,1
PO5F1,PPP1CC,1
PO5F1,MYL2,1
PO5F1,KDM2B,1
PO5F1,CFAP251,1
PO5F1,BCL7A,1
PO5F1,USP12,1
PO5F1,USP12-DT,1
PO5F1,LINC00412,1
PO5F1,RASL11A,1
PO5F1,MTUS2,1
PO5F1,KATNAL1,1
PO5F1,B3GLCT,1
PO5F1,SERP2,1
PO5F1,LRCH1,1
PO5F1,TBC1D4,1
PO5F1,LMO7-AS1,1
PO5F1,LMO7,1
PO5F1,POU4F1,1
PO5F1,MIR17HG,1
PO5F1,STXBP6,1
PO5F1,SAMD4A,1
PO5F1,KTN1,1
PO5F1,DAAM1,1
PO5F1,SGPP1,1
PO5F1,SYNE2,1
PO5F1,ESR2,1
PO5F1,TTC9,1
PO5F1,TJP1,1
PO5F1,SCG5-AS1,1
PO5F1,DISP2,1
PO5F1,KNL1,1
PO5F1,ELL3,1
PO5F1,WDR76,1
PO5F1,BLOC1S6,1
PO5F1,MYEF2,1
PO5F1,MYO1E,1
PO5F1,LDHAL6B,1
PO5F1,FAM81A,1
PO5F1,MAP2K1,1
PO5F1,ACSBG1,1
PO5F1,POLG-DT,1
PO5F1,USP7,1
PO5F1,USP7-AS1,1
PO5F1,MARF1,1
PO5F1,NPIPB12,1
PO5F1,KCTD13-DT,1
PO5F1,TLCD3B,1
PO5F1,CCDC113,1
PO5F1,TAT,1
PO5F1,DHX38,1
PO5F1,IRF8,1
PO5F1,LINC02132,1
PO5F1,IL17C,1
PO5F1,ABR,1
PO5F1,ZNF594,1
PO5F1,RABEP1,1
PO5F1,ARHGAP44,1
PO5F1,USP22,1
PO5F1,NLK,1
PO5F1,SLC6A4,1
PO5F1,CDC27,1
PO5F1,TMEM100,1
PO5F1,PPM1E,1
PO5F1,RGS9,1
PO5F1,BPTF,1
PO5F1,ROCR,1
PO5F1,LINC01152,1
PO5F1,SOX9,1
PO5F1,DLGAP1,1
PO5F1,ZBTB14,1
PO5F1,TMEM200C,1
PO5F1,LINC01543,1
PO5F1,ST8SIA5,1
PO5F1,ST8SIA5-DT,1
PO5F1,MBD2,1
PO5F1,PTPRS,1
PO5F1,ANGPTL6,1
PO5F1,DNMT1,1
PO5F1,S1PR2,1
PO5F1,RAVER1,1
PO5F1,KANK2,1
PO5F1,LSM14A,1
PO5F1,HPN,1
PO5F1,HPN-AS1,1
PO5F1,NPAS1,1
PO5F1,IL4I1,1
PO5F1,ATF5,1
PO5F1,KCNC3,1
PO5F1,NAPSA,1
PO5F1,LILRB1,1
PO5F1,PPP1R12C,1
PO5F1,PPP6R1,1
PO5F1,CCDC106,1
PO5F1,LINC00487,1
PO5F1,NRIR,1
PO5F1,RSAD2,1
PO5F1,CYS1,1
PO5F1,MIR3681HG,1
PO5F1,ADCY3,1
PO5F1,CAPN14,1
PO5F1,KCNK12,1
PO5F1,MSH2-OT1,1
PO5F1,LINC00309,1
PO5F1,ACTR2,1
PO5F1,SPRED2,1
PO5F1,LINC02934,1
PO5F1,EIF2AK3-DT,1
PO5F1,TMEM131,1
PO5F1,MAP4K4,1
PO5F1,LINC01102,1
PO5F1,STK39,1
PO5F1,FRZB,1
PO5F1,HECW2,1
PO5F1,HECW2-AS1,1
PO5F1,WNT6,1
PO5F1,AP1S3,1
PO5F1,IRS1,1
PO5F1,COPS8-DT,1
PO5F1,TRAF3IP1,1
PO5F1,ASB1,1
PO5F1,DSTN,1
PO5F1,RPRD1B,1
PO5F1,TGM2,1
PO5F1,PPP1R16B,1
PO5F1,ZHX3,1
PO5F1,EYA2,1
PO5F1,BCAS4,1
PO5F1,BCAS1,1
PO5F1,BMP7,1
PO5F1,CTCFL,1
PO5F1,PCK1,1
PO5F1,BRWD1,1
PO5F1,BRWD1-AS1,1
PO5F1,HMGN1,1
PO5F1,MX1,1
PO5F1,MGAT3,1
PO5F1,A4GALT,1
PO5F1,VGLL4,1
PO5F1,LINC02022,1
PO5F1,C3orf20,1
PO5F1,RFTN1,1
PO5F1,MYRIP,1
PO5F1,TRAK1,1
PO5F1,CADPS,1
PO5F1,LINC00698,1
PO5F1,SAMMSON,1
PO5F1,LINC00877,1
PO5F1,ZNF80,1
PO5F1,ZBTB20-AS5,1
PO5F1,SLC12A8,1
PO5F1,KLF15,1
PO5F1,MBD4,1
PO5F1,BFSP2,1
PO5F1,BFSP2-AS1,1
PO5F1,TMEM108,1
PO5F1,MME-AS1,1
PO5F1,LRRC31,1
PO5F1,SAMD7,1
PO5F1,GPR160,1
PO5F1,FHL1P1,1
PO5F1,LINC02069,1
PO5F1,ETV5,1
PO5F1,CRYGS,1
PO5F1,ST6GAL1,1
PO5F1,BCL6,1
PO5F1,LINC01991,1
PO5F1,LPP-AS2,1
PO5F1,LPP,1
PO5F1,LPP-AS1,1
PO5F1,ZNF732,1
PO5F1,ZNF141,1
PO5F1,ZNF721,1
PO5F1,EVC2,1
PO5F1,EVC,1
PO5F1,SMIM20,1
PO5F1,GSX2,1
PO5F1,NOA1,1
PO5F1,POLR2B,1
PO5F1,CFAP299,1
PO5F1,MTTP,1
PO5F1,PAPSS1,1
PO5F1,CYP2U1,1
PO5F1,USP53,1
PO5F1,TMEM131L,1
PO5F1,ANKRD33B,1
PO5F1,OTULIN,1
PO5F1,LHFPL2,1
PO5F1,LNPEP,1
PO5F1,LINC01170,1
PO5F1,ZNF608,1
PO5F1,LINC02240,1
PO5F1,MYOT,1
PO5F1,FAM13B,1
PO5F1,CCDC69,1
PO5F1,TUBB2A,1
PO5F1,TUBB2B,1
PO5F1,RNF144B,1
PO5F1,H2AC14,1
PO5F1,H4C13,1
PO5F1,PPP1R18,1
PO5F1,BTNL2,1
PO5F1,GRM4,1
PO5F1,FKBP5,1
PO5F1,BRPF3-AS1,1
PO5F1,BNIP5,1
PO5F1,ETV7,1
PO5F1,CPNE5,1
PO5F1,DNAH8,1
PO5F1,CD2AP,1
PO5F1,BACH2,1
PO5F1,ENPP3,1
PO5F1,ENPP1,1
PO5F1,FNDC1,1
PO5F1,SNX8,1
PO5F1,LINC02889,1
PO5F1,TWIST1,1
PO5F1,RAPGEF5,1
PO5F1,STK31,1
PO5F1,OSBPL3,1
PO5F1,PHTF2,1
PO5F1,SH2B2,1
PO5F1,SPDYE6,1
PO5F1,ADCK2,1
PO5F1,PIP,1
PO5F1,CLDN23,1
PO5F1,MFHAS1,1
PO5F1,TNKS,1
PO5F1,EGR3,1
PO5F1,NUGGC,1
PO5F1,PLEKHA2,1
PO5F1,POTEA,1
PO5F1,LINC02947,1
PO5F1,CLXN,1
PO5F1,RGS20,1
PO5F1,TCEA1,1
PO5F1,RRS1-DT,1
PO5F1,MYBL1,1
PO5F1,PAG1,1
PO5F1,RMDN1,1
PO5F1,CPNE3,1
PO5F1,RAD54B,1
PO5F1,GASAL1,1
PO5F1,SLC1A1,1
PO5F1,DCAF12,1
PO5F1,MYORG,1
PO5F1,ARID3C,1
PO5F1,NANS,1
PO5F1,SNX30-DT,1
PO5F1,INIP,1
PO5F1,CDK5RAP2,1
PO5F1,RC3H2,1
PO5F1,RABGAP1,1
PO5F1,SHROOM2,1
PO5F1,CTPS2,1
PO5F1,TXLNG,1
PO5F1,PDK3,1
PO5F1,GPR82,1
PO5F1,WAS,1
PO5F1,AFF2,1
PO5F1,AFF2-IT1,1
PO5F1,RNF19B,1
PO5F1,BCAR3,1
PO5F1,BCAR3-AS1,1
PO5F1,SYT11,1
PO5F1,SEMA4A,1
PO5F1,MIR9-1HG,1
PO5F1,MAEL,1
PO5F1,RGS13,1
PO5F1,PIK3C2B,1
PO5F1,MAP10,1
PO5F1,LINC00184,1
PO5F1,LARP4B,1
PO5F1,LARP4B-DT,1
PO5F1,SLF2,1
PO5F1,SEMA4G,1
PO5F1,GPAM,1
PO5F1,BNIP3,1
PO5F1,CCDC73,1
PO5F1,FAM76B,1
PO5F1,ENDOD1,1
PO5F1,POU2AF3,1
PO5F1,POU2AF1,1
PO5F1,CXCR5,1
PO5F1,GNB3,1
PO5F1,TMPRSS12,1
PO5F1,PLEKHG7,1
PO5F1,FGD6,1
PO5F1,ANKRD13A,1
PO5F1,RAB35,1
PO5F1,TMEM132B,1
PO5F1,FOXG1,1
PO5F1,SNAPC1,1
PO5F1,SYT16,1
PO5F1,LINC02960,1
PO5F1,TRMT61A-DT,1
PO5F1,LINC02280,1
PO5F1,ARHGAP11B,1
PO5F1,ZSCAN29,1
PO5F1,PPIP5K1,1
PO5F1,SCG3,1
PO5F1,NLRC3,1
PO5F1,SLX4,1
PO5F1,DNASE1,1
PO5F1,IL21R,1
PO5F1,TUBB3,1
PO5F1,DEF8,1
PO5F1,DBNDD1,1
PO5F1,CTNS-AS1,1
PO5F1,P2RX5-TAX1BP3,1
PO5F1,P2RX5,1
PO5F1,HASPIN,1
PO5F1,ATP2A3,1
PO5F1,YBX2,1
PO5F1,KRTAP4-11,1
PO5F1,KRTAP29-1,1
PO5F1,KRTAP16-1,1
PO5F1,AKAP1-DT,1
PO5F1,LINC01977,1
PO5F1,SS18,1
PO5F1,PSMA8,1
PO5F1,ZNF486,1
PO5F1,ARHGAP33,1
PO5F1,NLRP11,1
PO5F1,NLRP4,1
PO5F1,ZNF581,1
PO5F1,LINC01814,1
PO5F1,LTBP1,1
PO5F1,PTPN18,1
PO5F1,POTEI,1
PO5F1,ANKRD30BL,1
PO5F1,MGAT5,1
PO5F1,RAB3GAP1,1
PO5F1,MYO3B,1
PO5F1,MYO3B-AS1,1
PO5F1,DNER,1
PO5F1,GNRH2,1
PO5F1,KIZ-AS1,1
PO5F1,EIF4ENIF1,1
PO5F1,SREBF2,1
PO5F1,SHISA8,1
PO5F1,TNFRSF13C,1
PO5F1,UBE2E1-AS1,1
PO5F1,CHDH,1
PO5F1,IL17RB,1
PO5F1,CFAP20DC,1
PO5F1,GAP43,1
PO5F1,LSAMP,1
PO5F1,LINC00881,1
PO5F1,FGF12,1
PO5F1,RUBCN,1
PO5F1,LRCH3,1
PO5F1,ZNF718,1
PO5F1,TEC,1
PO5F1,NMU,1
PO5F1,OTULIN-DT,1
PO5F1,FBXL7,1
PO5F1,PDE8B,1
PO5F1,CDO1,1
PO5F1,AP3S1,1
PO5F1,LVRN,1
PO5F1,ARL14EPL,1
PO5F1,PITX1,1
PO5F1,PCDHGA4,1
PO5F1,PCDHGB2,1
PO5F1,PCDHGA5,1
PO5F1,PCDHGB3,1
PO5F1,PCDHGA8,1
PO5F1,PCDHGA9,1
PO5F1,PCDHGB6,1
PO5F1,PCDHGA10,1
PO5F1,PCDHGB7,1
PO5F1,PCDHGA11,1
PO5F1,PCDHGA12,1
PO5F1,PCDHGC3,1
PO5F1,PCDHGC4,1
PO5F1,PCDHGC5,1
PO5F1,KCTD16,1
PO5F1,PPP1R3G,1
PO5F1,RNF8,1
PO5F1,BICRAL,1
PO5F1,ELOVL5,1
PO5F1,CNR1,1
PO5F1,CDK19,1
PO5F1,VNN2,1
PO5F1,STK17A,1
PO5F1,FAM3C,1
PO5F1,PAXIP1,1
PO5F1,PTK2B,1
PO5F1,LINC00589,1
PO5F1,LINC02099,1
PO5F1,TOX,1
PO5F1,PTK2,1
PO5F1,KANK1,1
PO5F1,C9orf57,1
PO5F1,WNK2,1
PO5F1,EHMT1,1
PO5F1,CACNA1B,1
PO5F1,LINC01203,1
PO5F1,VEGFD,1
PO5F1,DMD,1
PO5F1,MED14,1
PO5F1,PPP1R2C,1
PO5F1,FRMPD3,1
PPARD,SLC25A26,1
RARA,CHKB-DT,1
RARB,RNF149,1
RARG,FAM163B,1
RFX1,RBM26,1
RFX1,LSS,1
RFX1,DIP2A,1
RFX1,S100B,1
RUNX2,TPM1,1
RUNX2,BAIAP2-DT,1
RUNX2,B3GNT5,1
SMAD2,OVGP1,1
SMAD2,TBX15,1
SMAD2,NBPF15,1
SMAD2,CAPN8,1
SMAD2,PIP4K2A,1
SMAD2,KRTAP5-1,1
SMAD2,PDE3B,1
SMAD2,CEP126,1
SMAD2,FXYD2,1
SMAD2,LINC01252,1
SMAD2,PRSS22,1
SMAD2,FLYWCH1,1
SMAD2,HCFC1R1,1
SMAD2,MMP25-AS1,1
SMAD2,IL32,1
SMAD2,ZSCAN10,1
SMAD2,ZNF75A,1
SMAD2,KRTAP4-12,1
SMAD2,KRTAP4-6,1
SMAD2,ZNF761,1
SMAD2,DGUOK-AS1,1
SMAD2,BOLL,1
SMAD2,MYOSLID,1
SMAD2,EDN3,1
SMAD2,CD96,1
SMAD2,OCIAD2,1
SMAD2,ODAPH,1
SMAD2,PPEF2,1
SMAD2,C4orf3,1
SMAD2,NR3C2,1
SMAD2,CDC42SE2,1
SMAD2,RAPGEF6,1
SMAD2,THOC3-AS1,1
SMAD2,SMIM29,1
SMAD2,KLHL32,1
SMAD2,TMEM225B,1
SMAD2,TRIM4,1
SMAD2,IKBKB,1
SMAD2,GLI4,1
SMAD2,RHPN1,1
SMAD2,EEF1D,1
SMAD2,LINC02878,1
SMAD2,SLC24A2,1
SMAD2,ERCC6L2-AS1,1
SMAD2,FRMPD3,1
SP3,REXO4,1
SP3,SARDH,1
SP3,FRMPD3,1
SP4,LINC01342,1
SP4,RER1,1
SP4,RERE-AS1,1
SP4,UBIAD1,1
SP4,NPPA,1
SP4,DNAJC16,1
SP4,LINC01355,1
SP4,ELOA-AS1,1
SP4,HMGCL,1
SP4,MDS2,1
SP4,CNR2,1
SP4,NIPAL3,1
SP4,CLIC4,1
SP4,SYF2,1
SP4,RSRP1,1
SP4,CD52,1
SP4,CRYBG2,1
SP4,NR0B2,1
SP4,FAM76A,1
SP4,EYA3,1
SP4,ATP5IF1,1
SP4,TRNAU1AP,1
SP4,SNHG12,1
SP4,OPRD1,1
SP4,CYB561D2,1
SP4,LAPTM5,1
SP4,ZCCHC17,1
SP4,FABP3,1
SP4,TMEM39B,1
SP4,ZBTB8OS,1
SP4,TMEM35B,1
SP4,ZMYM4-AS1,1
SP4,TRAPPC3,1
SP4,THRAP3,1
SP4,LSM10,1
SP4,MEAF6,1
SP4,MANEAL,1
SP4,PPIE,1
SP4,CAP1,1
SP4,TMCO2,1
SP4,PPCS,1
SP4,CCDC30,1
SP4,SLC2A1-DT,1
SP4,ELOVL1,1
SP4,SLC2A1,1
SP4,CFAP57,1
SP4,HYI-AS1,1
SP4,CCDC163,1
SP4,TESK2,1
SP4,MOB3C,1
SP4,TEX38,1
SP4,EFCAB14,1
SP4,TXNDC12,1
SP4,TUT4,1
SP4,SCP2,1
SP4,LRP8-DT,1
SP4,LINC02812,1
SP4,TMEM59,1
SP4,LINC02777,1
SP4,LINC01358,1
SP4,CYP2J2,1
SP4,PATJ,1
SP4,TM2D1,1
SP4,ATG4C,1
SP4,FPGT-TNNI3K,1
SP4,FPGT,1
SP4,MSH4,1
SP4,NEXN-AS1,1
SP4,FUBP1,1
SP4,SELENOF,1
SP4,GBP3,1
SP4,GBP7,1
SP4,C1orf146,1
SP4,CCDC18-AS1,1
SP4,ALG14-AS1,1
SP4,RWDD3-DT,1
SP4,RWDD3,1
SP4,RNPC3,1
SP4,AGL,1
SP4,TRMT13,1
SP4,DBT,1
SP4,DPH5-DT,1
SP4,S1PR1,1
SP4,AMY2B,1
SP4,STXBP3,1
SP4,SARS1,1
SP4,STRIP1,1
SP4,LAMTOR5,1
SP4,CD53,1
SP4,DRAM2,1
SP4,CEPT1,1
SP4,DENND2D,1
SP4,CHI3L2,1
SP4,C1orf162,1
SP4,WNT2B,1
SP4,CAPZA1,1
SP4,SLC16A1-AS1,1
SP4,LRIG2,1
SP4,LRIG2-DT,1
SP4,AP4B1,1
SP4,BCAS2,1
SP4,DENND2C,1
SP4,AMPD1,1
SP4,PTPN22,1
SP4,TENT5C-DT,1
SP4,WARS2-AS1,1
SP4,TENT5C,1
SP4,SEC22B,1
SP4,SRGAP2-AS1,1
SP4,NBPF15,1
SP4,GPR89A,1
SP4,POLR3C,1
SP4,ITGA10,1
SP4,POLR3GL,1
SP4,FMO5,1
SP4,LINC00624,1
SP4,NBPF11,1
SP4,LINC01138,1
SP4,PDE4DIP,1
SP4,VPS45,1
SP4,LINC02988,1
SP4,ANP32E,1
SP4,MRPS21,1
SP4,C1orf54,1
SP4,TNFAIP8L2,1
SP4,C1orf56,1
SP4,GABPB2,1
SP4,ARNT,1
SP4,SCNM1,1
SP4,LYSMD1,1
SP4,PSMB4,1
SP4,PSMD4,1
SP4,LENEP,1
SP4,SLC50A1,1
SP4,KRTCAP2,1
SP4,RUSC1-AS1,1
SP4,ASH1L-AS1,1
SP4,KHDC4,1
SP4,ARHGEF2-AS2,1
SP4,LAMTOR2,1
SP4,PMF1,1
SP4,GPATCH4,1
SP4,FCRL3,1
SP4,FCRL2,1
SP4,FCRL1,1
SP4,ATP1A2,1
SP4,DCAF8-DT,1
SP4,SLAMF1,1
SP4,LY9,1
SP4,TSTD1,1
SP4,KLHDC9,1
SP4,PPOX,1
SP4,FCGR2B,1
SP4,HSD17B7,1
SP4,MGST3,1
SP4,ALDH9A1,1
SP4,TMCO1-AS1,1
SP4,DCAF6,1
SP4,BLZF1,1
SP4,SELL,1
SP4,SCYL3,1
SP4,FMO4,1
SP4,VAMP4,1
SP4,MYOCOS,1
SP4,RABGAP1L,1
SP4,RABGAP1L-AS1,1
SP4,MRPS14,1
SP4,KIAA0040,1
SP4,C1orf220,1
SP4,RALGPS2,1
SP4,ANGPTL1,1
SP4,MR1,1
SP4,LINC01732,1
SP4,TEDDM1,1
SP4,TRMT1L,1
SP4,LYPLAL1,1
SP4,PRG4,1
SP4,PDC-AS1,1
SP4,UTP25,1
SP4,SYT2-AS1,1
SP4,KLHL12,1
SP4,MDM4,1
SP4,LEMD1-AS1,1
SP4,MFSD4A,1
SP4,RAB29,1
SP4,PIGR,1
SP4,IL24,1
SP4,FCMR,1
SP4,PFKFB2,1
SP4,C4BPA,1
SP4,TRAF3IP3,1
SP4,TRAF5,1
SP4,TATDN3,1
SP4,LPGAT1-AS1,1
SP4,LINC02608,1
SP4,SMYD2,1
SP4,RAB3GAP2,1
SP4,C1orf115,1
SP4,MTARC2,1
SP4,HHIPL2,1
SP4,TAF1A-AS1,1
SP4,AIDA,1
SP4,BROX,1
SP4,FAM177B,1
SP4,DISP1,1
SP4,DEGS1,1
SP4,LINC02809,1
SP4,C1orf131,1
SP4,COA6-AS1,1
SP4,ARID4B,1
SP4,GGPS1,1
SP4,TBCE,1
SP4,NFX1,1
SP4,RBM34,1
SP4,B3GALNT2,1
SP4,KMO,1
SP4,WDR64,1
SP4,SDCCAG8,1
SP4,CATSPERE,1
SP4,SPMIP3,1
SP4,CNST,1
SP4,PGBD2,1
SP4,OR2T10,1
SP4,LINC00200,1
SP4,IL2RA,1
SP4,CDC123,1
SP4,DCLRE1C,1
SP4,RSU1,1
SP4,PTER,1
SP4,NSUN6,1
SP4,COMMD3,1
SP4,PIP4K2A,1
SP4,THNSL1,1
SP4,MTPAP,1
SP4,LINC02664,1
SP4,CCNY-AS1,1
SP4,ZNF248,1
SP4,ZNF248-AS1,1
SP4,ZNF25-DT,1
SP4,LINC01518,1
SP4,ZNF485,1
SP4,ARID5B,1
SP4,HERC4,1
SP4,AIFM2,1
SP4,ANAPC16,1
SP4,ASCC1,1
SP4,DNAJC9-AS1,1
SP4,CFAP70,1
SP4,MSS51,1
SP4,PPP3CB-AS1,1
SP4,FUT11,1
SP4,ADK,1
SP4,GHITM,1
SP4,TMEM254-AS1,1
SP4,BLNK,1
SP4,EXOSC1,1
SP4,CUTC,1
SP4,BLOC1S2,1
SP4,ACADSB,1
SP4,ABCC2,1
SP4,PKD2L1,1
SP4,OGA,1
SP4,KCNIP2,1
SP4,ARMH3,1
SP4,C10orf95-AS1,1
SP4,WBP1L,1
SP4,CYP17A1,1
SP4,STN1,1
SP4,ADD3,1
SP4,SHOC2,1
SP4,PDCD4-AS1,1
SP4,ACSL5,1
SP4,ZDHHC6,1
SP4,NHLRC2,1
SP4,GRK5,1
SP4,INPP5F,1
SP4,PLEKHA1,1
SP4,FAM24B,1
SP4,CUZD1,1
SP4,C10orf88,1
SP4,LHPP,1
SP4,EEF1AKMT2,1
SP4,ABRAXAS2,1
SP4,C10orf143,1
SP4,LINC01165,1
SP4,LRRC27,1
SP4,PRAP1,1
SP4,IFITM2,1
SP4,GATD1-DT,1
SP4,TMEM80,1
SP4,TIMM10B,1
SP4,UBQLNL,1
SP4,TRIM34,1
SP4,TRIM5,1
SP4,OR56B1,1
SP4,OR52N4,1
SP4,TRIM22,1
SP4,TPP1,1
SP4,SYT9-AS1,1
SP4,OLFML1,1
SP4,TUB,1
SP4,RIC3,1
SP4,SWAP70,1
SP4,RNF141,1
SP4,IRAG1-AS1,1
SP4,ZBED5,1
SP4,ZBED5-AS1,1
SP4,HTATIP2,1
SP4,TPH1,1
SP4,SAA1,1
SP4,LDHAL6A,1
SP4,MISFA,1
SP4,IGSF22,1
SP4,GAS2,1
SP4,BDNF-AS,1
SP4,LINC00678,1
SP4,ARL14EP,1
SP4,METTL15,1
SP4,IMMP1L,1
SP4,HSD17B12,1
SP4,TTC17,1
SP4,LINC02696,1
SP4,HARBI1,1
SP4,RAPSN,1
SP4,AGBL2,1
SP4,NUP160,1
SP4,TIMM10,1
SP4,UBE2L6,1
SP4,GLYATL1,1
SP4,LPXN,1
SP4,GLYATL1B,1
SP4,FAM111A-DT,1
SP4,LINC02739,1
SP4,TMEM216,1
SP4,TMEM179B,1
SP4,TMEM258,1
SP4,LBHD1,1
SP4,BSCL2,1
SP4,GNG3,1
SP4,CSKMT,1
SP4,POLR2G,1
SP4,TRMT112,1
SP4,GPHA2,1
SP4,MAJIN,1
SP4,BATF2,1
SP4,NAALADL1,1
SP4,SLC25A45,1
SP4,RELA-DT,1
SP4,BBS1,1
SP4,RBM4,1
SP4,RBM4B,1
SP4,POLD4,1
SP4,CABP4,1
SP4,TMEM134,1
SP4,GPR152,1
SP4,CCND1,1
SP4,LTO1,1
SP4,CTTN-DT,1
SP4,KRTAP5-8,1
SP4,KRTAP5-9,1
SP4,XNDC1N,1
SP4,PDE2A-AS2,1
SP4,DNAJB13,1
SP4,AQP11,1
SP4,INTS4,1
SP4,LINC02734,1
SP4,RAB30,1
SP4,RAB30-DT,1
SP4,LINC02951,1
SP4,TMEM126B,1
SP4,HIKESHI,1
SP4,ANKRD49,1
SP4,GPR83,1
SP4,CWC15,1
SP4,LNCRNA-IUR,1
SP4,CCDC82,1
SP4,BIRC3,1
SP4,TMEM123-DT,1
SP4,CEP126,1
SP4,KBTBD3,1
SP4,SLC35F2,1
SP4,C11orf65,1
SP4,EXPH5,1
SP4,ACAT1,1
SP4,FDXACB1,1
SP4,SDHD,1
SP4,BCO2,1
SP4,LINC02762,1
SP4,LINC02763,1
SP4,TTC12,1
SP4,TTC12-DT,1
SP4,USP28,1
SP4,C11orf71,1
SP4,PAFAH1B2,1
SP4,BACE1-AS,1
SP4,ATP5MG,1
SP4,CXCR5,1
SP4,VPS11-DT,1
SP4,TRAPPC4,1
SP4,JHY,1
SP4,MSANTD2-AS1,1
SP4,CCDC15-DT,1
SP4,KCNJ1,1
SP4,TP53AIP1,1
SP4,RAD52,1
SP4,NDUFA9,1
SP4,DYRK4,1
SP4,AKAP3,1
SP4,TAPBPL,1
SP4,LPAR5,1
SP4,CD27-AS1,1
SP4,EMG1,1
SP4,CLEC2D,1
SP4,LINC02390,1
SP4,ATF7IP,1
SP4,GUCY2C,1
SP4,C12orf60,1
SP4,ERP27,1
SP4,THAP2,1
SP4,ETNK1,1
SP4,RECQL,1
SP4,LINC02955,1
SP4,DNAI7,1
SP4,ETFRF1,1
SP4,CAPRIN2,1
SP4,AK4P3,1
SP4,ETFBKMT,1
SP4,AMN1,1
SP4,H3-5,1
SP4,LINC02422,1
SP4,RESF1,1
SP4,ZCRB1,1
SP4,IRAK4,1
SP4,TMEM117,1
SP4,SCAF11,1
SP4,SLC38A1,1
SP4,SLC38A4-AS1,1
SP4,RPAP3-DT,1
SP4,LINC02416,1
SP4,RPAP3,1
SP4,TMBIM6,1
SP4,BCDIN3D,1
SP4,ATF1,1
SP4,TMPRSS12,1
SP4,DAZAP2,1
SP4,SMAGP,1
SP4,BIN2,1
SP4,HIGD1C,1
SP4,PRR13,1
SP4,GTSF1,1
SP4,RDH5,1
SP4,ORMDL2,1
SP4,GLS2,1
SP4,BLOC1S1,1
SP4,STAT2,1
SP4,RDH16,1
SP4,R3HDM2,1
SP4,INHBE,1
SP4,ARHGAP9,1
SP4,TSPAN31,1
SP4,SRGAP1,1
SP4,KICS2,1
SP4,TMBIM4,1
SP4,IFNG,1
SP4,IL22,1
SP4,IL26,1
SP4,NUP107-DT,1
SP4,TMEM19,1
SP4,CAPS2,1
SP4,GLIPR1L1,1
SP4,GLIPR1L2,1
SP4,TMTC3,1
SP4,PPP1R12A,1
SP4,POC1B,1
SP4,GALNT4,1
SP4,LINC02397,1
SP4,MRPL42,1
SP4,NDUFA12,1
SP4,LINC02453,1
SP4,ANKS1B,1
SP4,ACTR6,1
SP4,SYCP3,1
SP4,WASHC3,1
SP4,NT5DC3,1
SP4,TCP11L2,1
SP4,MTERF2,1
SP4,PWP1,1
SP4,PRDM4,1
SP4,ISCU,1
SP4,USP30-AS1,1
SP4,ALKBH2,1
SP4,MVK,1
SP4,UBE3B,1
SP4,GIT2,1
SP4,C12orf76,1
SP4,VPS29,1
SP4,TCTN1,1
SP4,HVCN1,1
SP4,MAPKAPK5-AS1,1
SP4,OAS1,1
SP4,OAS2,1
SP4,RBM19,1
SP4,TESC-AS1,1
SP4,FBXO21,1
SP4,POP5,1
SP4,RNF34,1
SP4,KDM2B-DT,1
SP4,HPD,1
SP4,PSMD9,1
SP4,VPS33A,1
SP4,SNRNP35,1
SP4,TMED2-DT,1
SP4,TCTN2,1
SP4,DNAH10,1
SP4,DNAH10OS,1
SP4,PUS1-AS1,1
SP4,GOLGA3,1
SP4,ZNF26,1
SP4,ZNF345,1
SP4,ZNF382,1
SP4,PSPC1-AS2,1
SP4,SPATA13-AS1,1
SP4,PCOTH,1
SP4,C1QTNF9B,1
SP4,MIPEP,1
SP4,PAN3,1
SP4,SLC46A3,1
SP4,LINC00384,1
SP4,ALOX5AP,1
SP4,LINC00398,1
SP4,LINC00545,1
SP4,N4BP2L1,1
SP4,N4BP2L2,1
SP4,EXOSC8,1
SP4,SMAD9,1
SP4,NHLRC3,1
SP4,SUGT1-DT,1
SP4,COG6,1
SP4,KBTBD6-DT,1
SP4,MTRF1,1
SP4,LINC00390,1
SP4,LINC00562,1
SP4,CAB39L,1
SP4,PHF11,1
SP4,SPRYD7,1
SP4,TRIM13,1
SP4,KCNRG,1
SP4,CKAP2-DT,1
SP4,SERPINE3,1
SP4,INTS6-AS1,1
SP4,DHRS12,1
SP4,LMO7-AS1,1
SP4,RBM26-AS1,1
SP4,MIR17HG,1
SP4,GPR183,1
SP4,CLYBL,1
SP4,CLYBL-AS2,1
SP4,METTL21EP,1
SP4,ANKRD10,1
SP4,TEX29,1
SP4,GAS6-AS1,1
SP4,LINC03058,1
SP4,TOX4,1
SP4,RNASE6,1
SP4,METTL17,1
SP4,MDP1,1
SP4,METTL3,1
SP4,LINC02332,1
SP4,OXA1L-DT,1
SP4,C14orf119,1
SP4,NGDN,1
SP4,NEDD8,1
SP4,TINF2,1
SP4,DHRS1,1
SP4,CBLN3,1
SP4,SDR39U1,1
SP4,TGM1,1
SP4,PSME2,1
SP4,GZMB,1
SP4,STRN3,1
SP4,HEATR5A,1
SP4,HEATR5A-DT,1
SP4,AKAP6,1
SP4,EAPP,1
SP4,AP5M1,1
SP4,PRPF39,1
SP4,KLHDC1,1
SP4,VCPKMT,1
SP4,DMAC2L,1
SP4,LINC01588,1
SP4,RPL36AL,1
SP4,CDKL1,1
SP4,GMFB,1
SP4,SAMD4A-AS1,1
SP4,ACTR10,1
SP4,PSMA3-AS1,1
SP4,LINC01500,1
SP4,L3HYPDH,1
SP4,JKAMP,1
SP4,DHRS7,1
SP4,DAAM1,1
SP4,SLC38A6,1
SP4,ZBTB25,1
SP4,CHURC1,1
SP4,PIGH,1
SP4,VTI1B,1
SP4,SYNJ2BP,1
SP4,ADAM21,1
SP4,TTC9-DT,1
SP4,MAP3K9,1
SP4,MAP3K9-DT,1
SP4,DCAF4,1
SP4,HEATR4,1
SP4,MIDEAS,1
SP4,ISCA2,1
SP4,ZC2HC1C,1
SP4,BATF,1
SP4,IFT43,1
SP4,SLIRP,1
SP4,SNW1,1
SP4,GPR65,1
SP4,CALM1,1
SP4,RPS6KA5,1
SP4,FBLN5,1
SP4,DICER1-AS1,1
SP4,GSKIP,1
SP4,PPP2R5C,1
SP4,COA8,1
SP4,COPDA1,1
SP4,FAM30A,1
SP4,NIPA1,1
SP4,LINC02250,1
SP4,LINC03034,1
SP4,EMC4,1
SP4,NOP10,1
SP4,PGBD4,1
SP4,GOLGA8B,1
SP4,SRP14-DT,1
SP4,CCDC9B,1
SP4,CCDC32,1
SP4,RAD51-AS1,1
SP4,PPP1R14D,1
SP4,CHP1,1
SP4,NDUFAF1,1
SP4,GANC,1
SP4,CAPN3,1
SP4,SNAP23,1
SP4,CCNDBP1,1
SP4,CTDSPL2-DT,1
SP4,EIF3J-DT,1
SP4,SPG11,1
SP4,PATL2,1
SP4,B2M,1
SP4,TRIM69,1
SP4,DUOX1,1
SP4,GATM,1
SP4,SLC30A4,1
SP4,SQOR,1
SP4,USP8,1
SP4,FAM227B,1
SP4,GABPB1-AS1,1
SP4,GNB5,1
SP4,CERNA1,1
SP4,PIGB,1
SP4,LINC00926,1
SP4,LINC01413,1
SP4,MYZAP,1
SP4,GCOM1,1
SP4,MINDY2-DT,1
SP4,RNF111,1
SP4,RORA-AS1,1
SP4,RPS27L,1
SP4,APH1B,1
SP4,SNX22,1
SP4,CIAO2A,1
SP4,RBPMS2,1
SP4,MTFMT,1
SP4,DPP8,1
SP4,DENND4A,1
SP4,SNAPC5,1
SP4,LCTL,1
SP4,MAP2K5-DT,1
SP4,LINC02896,1
SP4,HEXA,1
SP4,BBS4,1
SP4,ADPGK,1
SP4,SCAPER,1
SP4,TSPAN3,1
SP4,HMG20A,1
SP4,ST20,1
SP4,CFAP161,1
SP4,IL16,1
SP4,TMC3-AS1,1
SP4,GOLGA6L10,1
SP4,SNHG21,1
SP4,C15orf40,1
SP4,MRPL46,1
SP4,DET1,1
SP4,ISG20,1
SP4,SEMA4B,1
SP4,GDPGP1,1
SP4,CRTC3-AS1,1
SP4,HDDC3,1
SP4,LINC02244,1
SP4,TARS3,1
SP4,WASIR2,1
SP4,CCDC154,1
SP4,ZNF213-AS1,1
SP4,ZNF75A,1
SP4,OR2C1,1
SP4,LINC02861,1
SP4,TMEM186,1
SP4,NUBP1,1
SP4,DEXI,1
SP4,SNX29,1
SP4,MARF1,1
SP4,SYT17,1
SP4,THUMPD1,1
SP4,SLC5A11,1
SP4,ARHGAP17,1
SP4,LCMT1-AS1,1
SP4,IL4R,1
SP4,IL21R-AS1,1
SP4,NPIPB7,1
SP4,NPIPB8,1
SP4,NPIPB11,1
SP4,C16orf54,1
SP4,ZNF747-DT,1
SP4,RUSF1-DT,1
SP4,KRBOX5,1
SP4,DUSP22,1
SP4,PHKB,1
SP4,LONP2,1
SP4,DNAJA2-DT,1
SP4,SNX20,1
SP4,CYLD-AS1,1
SP4,RBL2,1
SP4,BBS2,1
SP4,HERPUD1,1
SP4,PSME3IP1,1
SP4,CIAO2B,1
SP4,TRADD,1
SP4,ATP6V0D1-DT,1
SP4,DPEP2,1
SP4,DUS2,1
SP4,ESRP2,1
SP4,ZNF19,1
SP4,ZNF23,1
SP4,TAT-AS1,1
SP4,PHLPP2,1
SP4,IST1,1
SP4,LINC01572,1
SP4,GLG1,1
SP4,CHST6,1
SP4,CPHXL2,1
SP4,DUXB,1
SP4,NUDT7,1
SP4,HSDL1,1
SP4,MC1R,1
SP4,P2RX5-TAX1BP3,1
SP4,P2RX5,1
SP4,ITGAE,1
SP4,UBE2G1,1
SP4,MED11,1
SP4,SPAG7,1
SP4,ZFP3,1
SP4,ZNF232-AS1,1
SP4,USP6,1
SP4,KIF1C-AS1,1
SP4,SLC52A1,1
SP4,ZNF594,1
SP4,ZNF594-DT,1
SP4,SCIMP,1
SP4,RABEP1,1
SP4,RPAIN,1
SP4,DERL2,1
SP4,MED31,1
SP4,C17orf100,1
SP4,SLC13A5,1
SP4,ALOX12-AS1,1
SP4,CD68,1
SP4,TRAPPC1,1
SP4,GABARAP,1
SP4,TMEM107,1
SP4,LINC00324,1
SP4,RPL26,1
SP4,ADPRM,1
SP4,TMEM220-AS1,1
SP4,ZNF286A,1
SP4,MPRIP-AS1,1
SP4,FLCN,1
SP4,LGALS9C,1
SP4,TVP23B,1
SP4,PRPSAP2,1
SP4,GRAPL,1
SP4,AKAP10,1
SP4,LINC02693,1
SP4,LYRM9,1
SP4,RPL23A,1
SP4,ZNF559,1
SP4,CRLF3,1
SP4,TEFM,1
SP4,UTP6,1
SP4,SNHG30,1
SP4,SYNRG,1
SP4,ZPBP2,1
SP4,IKZF3,1
SP4,GSDMB,1
SP4,CCR7,1
SP4,KLHL10,1
SP4,KRTAP4-12,1
SP4,KCNH4,1
SP4,COA3,1
SP4,BECN1,1
SP4,NBR2,1
SP4,CCDC200,1
SP4,LINC00910,1
SP4,ARL4D,1
SP4,ATXN7L3-AS1,1
SP4,HEXIM2-AS1,1
SP4,ARL17B,1
SP4,NSF,1
SP4,WNT3,1
SP4,ITGB3,1
SP4,EFCAB13-DT,1
SP4,CDK5RAP3,1
SP4,NFE2L1-DT,1
SP4,SKAP1,1
SP4,SKAP1-AS1,1
SP4,SKAP1-AS2,1
SP4,HOXB7,1
SP4,CALCOCO2,1
SP4,ATP5MC1,1
SP4,GNGT2,1
SP4,SPOP,1
SP4,SGCA,1
SP4,ANKRD40,1
SP4,LUC7L3,1
SP4,CHAD,1
SP4,COX11,1
SP4,MIR142HG,1
SP4,SUPT4H1,1
SP4,MTMR4,1
SP4,SEPTIN4-AS1,1
SP4,LINC01476,1
SP4,TUBD1,1
SP4,HEATR6-DT,1
SP4,ICAM2,1
SP4,GH1,1
SP4,POLG2,1
SP4,AMZ2,1
SP4,PRKAR1A,1
SP4,ABCA10,1
SP4,SDK2,1
SP4,SLC9A3R1-AS1,1
SP4,GRB2,1
SP4,NT5C,1
SP4,METTL23,1
SP4,SNHG20,1
SP4,SYNGR2,1
SP4,LINC01978,1
SP4,ARL16,1
SP4,TSPAN10,1
SP4,TUBB8B,1
SP4,METTL4,1
SP4,MYOM1,1
SP4,MYL12A,1
SP4,DLGAP1-AS1,1
SP4,LINC00526,1
SP4,LINC00667,1
SP4,FAM210A,1
SP4,RMC1,1
SP4,PSMA8,1
SP4,ZNF397,1
SP4,ELP2,1
SP4,RPRD1A,1
SP4,KIAA1328,1
SP4,LINC00907,1
SP4,SETBP1,1
SP4,HDHD2,1
SP4,ATP8B1-AS1,1
SP4,ATP8B1,1
SP4,ZNF532,1
SP4,LINC01926,1
SP4,VPS4B,1
SP4,CCDC102B,1
SP4,CYB5A,1
SP4,CNDP2,1
SP4,CRYZL1,1
SP4,LINC03101,1
SP4,MADCAM1,1
SP4,MADCAM1-AS1,1
SP4,UQCR11,1
SP4,LSM7,1
SP4,DIRAS1,1
SP4,ZNF57,1
SP4,ZNF77,1
SP4,MICOS13,1
SP4,CD70,1
SP4,ZNF557,1
SP4,ARHGEF18-AS1,1
SP4,FCER2,1
SP4,PCP2,1
SP4,UBL5,1
SP4,ZNF559-ZNF177,1
SP4,SWSAP1,1
SP4,DOCK6-AS1,1
SP4,RGL3,1
SP4,ZNF490,1
SP4,ZNF791,1
SP4,PRDX2,1
SP4,ZNF709,1
SP4,ZNF439,1
SP4,ZNF700,1
SP4,LINC02926,1
SP4,PCBP1-AS1,1
SP4,SLC1A6,1
SP4,USE1,1
SP4,BISPR,1
SP4,MAST3,1
SP4,KXD1,1
SP4,SLC25A42,1
SP4,ZNF506,1
SP4,LINC00663,1
SP4,LINC00662,1
SP4,LINC02987,1
SP4,POP4,1
SP4,GPATCH1,1
SP4,NUDT19,1
SP4,RHPN2,1
SP4,ZNF302,1
SP4,ZNF181,1
SP4,LINC02965,1
SP4,LINC03049,1
SP4,ZNF30,1
SP4,FAM187B,1
SP4,DMKN,1
SP4,TMEM147,1
SP4,IGFLR1,1
SP4,PSENEN,1
SP4,LIN37,1
SP4,ZBTB32,1
SP4,POLR2I,1
SP4,ZFP14,1
SP4,ZNF566,1
SP4,ZNF383,1
SP4,ZNF260,1
SP4,ZNF529-AS1,1
SP4,ZNF567-DT,1
SP4,ZNF568,1
SP4,ZNF790-AS1,1
SP4,ZNF829,1
SP4,ZNF420,1
SP4,ZNF230,1
SP4,ZNF582-DT,1
SP4,ZNF583,1
SP4,ZFP28,1
SP4,ZNF547,1
SP4,TRAPPC2B,1
SP4,ZNF585A,1
SP4,ZNF585B,1
SP4,LINC01535,1
SP4,ZNF540,1
SP4,ZNF571,1
SP4,ZNF284,1
SP4,ZNF224,1
SP4,ZNF528,1
SP4,ZNF606,1
SP4,ZNF606-AS1,1
SP4,ZNF573,1
SP4,SIPA1L3,1
SP4,MAP4K1-AS1,1
SP4,CAPN12,1
SP4,RINL,1
SP4,GMFG,1
SP4,RPS19,1
SP4,ZNF546,1
SP4,LINC01480,1
SP4,CEACAM21,1
SP4,LNROP,1
SP4,CNFN,1
SP4,POU2F2,1
SP4,POU2F2-AS2,1
SP4,ZNF404,1
SP4,ZNF155,1
SP4,ZNF226,1
SP4,ZNF227,1
SP4,ZNF233,1
SP4,ZNF285,1
SP4,TRAPPC6A,1
SP4,BLOC1S3,1
SP4,SNRPD2,1
SP4,AP2S1,1
SP4,ZC3H4,1
SP4,CARD8,1
SP4,CARD8-AS1,1
SP4,ZNF114-AS1,1
SP4,DKKL1,1
SP4,SLC6A16,1
SP4,CD37,1
SP4,TEAD2,1
SP4,KLK4,1
SP4,ZNF175,1
SP4,SIGLEC6,1
SP4,SIGLEC5,1
SP4,SIGLEC14,1
SP4,SPACA6,1
SP4,ZNF577,1
SP4,ZNF480,1
SP4,ZNF766,1
SP4,ZNF836,1
SP4,ZNF880,1
SP4,ZNF528-AS1,1
SP4,ZNF578,1
SP4,ZNF701,1
SP4,ZNF83,1
SP4,ZNF611,1
SP4,ZNF600,1
SP4,ZNF28,1
SP4,ZNF468,1
SP4,ZNF888-AS1,1
SP4,ZNF816,1
SP4,ZNF677,1
SP4,ZNF765,1
SP4,ZNF761,1
SP4,LENG8-AS1,1
SP4,LENG1,1
SP4,LILRB1,1
SP4,LILRB1-AS1,1
SP4,NLRP9,1
SP4,RFPL4A,1
SP4,ZNF667-AS1,1
SP4,ZNF470-DT,1
SP4,ZNF549,1
SP4,ZNF211,1
SP4,AURKC,1
SP4,ZNF460-AS1,1
SP4,ZNF548,1
SP4,VN1R1,1
SP4,ZNF419,1
SP4,ZNF154,1
SP4,ZNF814,1
SP4,ZNF418,1
SP4,C19orf18,1
SP4,TMEM18,1
SP4,ACP1,1
SP4,RNASEH1-DT,1
SP4,ZNF2,1
SP4,SLC66A3,1
SP4,SMC6,1
SP4,TTC32,1
SP4,WDR35,1
SP4,GDF7,1
SP4,PTRHD1,1
SP4,ITSN2,1
SP4,EFR3B,1
SP4,OST4,1
SP4,ATRAID,1
SP4,MPV17,1
SP4,ZNF512,1
SP4,PPP1CB,1
SP4,LCLAT1,1
SP4,DPY30,1
SP4,YIPF4,1
SP4,HEATR5B,1
SP4,GPATCH11,1
SP4,RMDN2,1
SP4,EML4-AS1,1
SP4,EML4,1
SP4,COX7A2L,1
SP4,CAMKMT,1
SP4,SLC3A1,1
SP4,PREPL,1
SP4,LINC01118,1
SP4,PPP1R21,1
SP4,CLHC1,1
SP4,C2orf74,1
SP4,MIR4432HG,1
SP4,BCL11A,1
SP4,USP34-DT,1
SP4,COMMD1,1
SP4,C2orf74-DT,1
SP4,PAPOLG,1
SP4,PEX13,1
SP4,PUS10,1
SP4,LINC01800,1
SP4,LINC02245,1
SP4,ETAA1,1
SP4,ARHGAP25,1
SP4,LINC01888,1
SP4,LINC01890,1
SP4,ANXA4,1
SP4,C2orf42,1
SP4,NAGK,1
SP4,MCEE,1
SP4,PAIP2B,1
SP4,WDR54,1
SP4,DUSP11,1
SP4,DGUOK,1
SP4,SLC4A5,1
SP4,STAMBP,1
SP4,PCGF1,1
SP4,LINC01964,1
SP4,RNF181,1
SP4,SH2D6,1
SP4,PTCD3,1
SP4,C2orf68,1
SP4,REEP1,1
SP4,RGPD2,1
SP4,KRCC1,1
SP4,ZNF514,1
SP4,COX5B,1
SP4,C2orf92,1
SP4,COA5,1
SP4,UNC50,1
SP4,C2orf15,1
SP4,TSGA10,1
SP4,LIPT1,1
SP4,MITD1,1
SP4,LYG2,1
SP4,MRPS9,1
SP4,LINC01918,1
SP4,GCC2,1
SP4,ZC3H8,1
SP4,PAX8-AS1,1
SP4,ACTR3-AS1,1
SP4,INSIG2,1
SP4,DDX18,1
SP4,DBI,1
SP4,MAP3K2-DT,1
SP4,CCDC115,1
SP4,CCNT2-AS1,1
SP4,ACMSD,1
SP4,MGAT5,1
SP4,CXCR4,1
SP4,DARS1,1
SP4,DARS1-AS1,1
SP4,ORC4,1
SP4,KIF5C-AS1,1
SP4,NEB,1
SP4,STAM2,1
SP4,TANK,1
SP4,IFIH1,1
SP4,KLHL41,1
SP4,PHOSPHO2,1
SP4,TLK1,1
SP4,METTL8,1
SP4,PRKRA,1
SP4,TTN-AS1,1
SP4,TTN,1
SP4,CWC22,1
SP4,ANKAR,1
SP4,OSGEPL1-AS1,1
SP4,ORMDL1,1
SP4,OSGEPL1,1
SP4,LINC01825,1
SP4,ANKRD44,1
SP4,ANKRD44-IT1,1
SP4,RFTN2,1
SP4,BOLL,1
SP4,PPIL3,1
SP4,ORC2,1
SP4,NDUFB3,1
SP4,TRAK2,1
SP4,STRADB,1
SP4,CYP20A1,1
SP4,FAM117B,1
SP4,CREB1,1
SP4,MYOSLID,1
SP4,LINC01857,1
SP4,METTL21A,1
SP4,KANSL1L-AS1,1
SP4,LANCL1-AS1,1
SP4,PECR,1
SP4,DIRC3-AS1,1
SP4,CNOT9,1
SP4,ARPC2,1
SP4,SLC23A3,1
SP4,SCG2,1
SP4,AP1S3,1
SP4,RHBDD1,1
SP4,COL4A3,1
SP4,SP100,1
SP4,SP140,1
SP4,SP140L,1
SP4,B3GNT7,1
SP4,HDAC4-AS1,1
SP4,FARP2,1
SP4,LINC03100,1
SP4,PCMTD2,1
SP4,TMC2,1
SP4,IDH3B,1
SP4,SPEF1,1
SP4,TMEM230,1
SP4,SHLD1,1
SP4,SLX4IP,1
SP4,ANKEF1,1
SP4,TASP1,1
SP4,MACROD2,1
SP4,PET117,1
SP4,KAT14,1
SP4,DZANK1,1
SP4,SMIM26,1
SP4,DTD1,1
SP4,LINC00652,1
SP4,LCDR,1
SP4,KIZ-AS1,1
SP4,ZNF337-AS1,1
SP4,LINC01597,1
SP4,BCL2L1-AS1,1
SP4,KIF3B,1
SP4,CBFA2T2,1
SP4,ITCH-IT1,1
SP4,UQCC1,1
SP4,EIF6,1
SP4,CPNE1,1
SP4,NFS1,1
SP4,DLGAP4-AS1,1
SP4,BLCAP,1
SP4,LPIN3,1
SP4,SRSF6,1
SP4,L3MBTL1,1
SP4,GTSF1L,1
SP4,OSER1-DT,1
SP4,PKIG,1
SP4,CD40,1
SP4,LINC01522,1
SP4,LINC00494,1
SP4,TRERNA1,1
SP4,PARD6B,1
SP4,ADNP,1
SP4,KCNG1,1
SP4,NFATC2,1
SP4,PRELID3B,1
SP4,EDN3,1
SP4,SLCO4A1-AS2,1
SP4,FNDC11,1
SP4,MHENCR,1
SP4,C21orf91-OT1,1
SP4,MIR155HG,1
SP4,ATP5PF,1
SP4,APP-DT,1
SP4,N6AMT1,1
SP4,RWDD2B,1
SP4,MAP3K7CL,1
SP4,SOD1,1
SP4,URB1-AS1,1
SP4,CFAP298,1
SP4,C21orf62-AS1,1
SP4,IFNAR1,1
SP4,TMEM50B,1
SP4,CBR1,1
SP4,CBR3,1
SP4,DOP1B,1
SP4,HLCS-AS1,1
SP4,PIGP,1
SP4,BRWD1-IT1,1
SP4,BACE2,1
SP4,MX2,1
SP4,MX1,1
SP4,NDUFV3,1
SP4,PKNOX1,1
SP4,HSF2BP,1
SP4,GATD3,1
SP4,ITGB2-AS1,1
SP4,MRPL40,1
SP4,THAP7-AS1,1
SP4,ZNF280B,1
SP4,RAB36,1
SP4,SLC2A11,1
SP4,SGSM1,1
SP4,TFIP11-DT,1
SP4,MIATNB,1
SP4,NF2,1
SP4,UQCR10,1
SP4,GAL3ST1,1
SP4,DUSP18,1
SP4,PISD,1
SP4,RFPL3,1
SP4,SYN3,1
SP4,SYN3-AS1,1
SP4,LARGE-IT1,1
SP4,LARGE-AS1,1
SP4,APOL2,1
SP4,IFT27,1
SP4,TPTEP2-CSNK1E,1
SP4,CBY1,1
SP4,APOBEC3C,1
SP4,APOBEC3F,1
SP4,APOBEC3D,1
SP4,APOBEC3G,1
SP4,APOBEC3H,1
SP4,TNRC6B,1
SP4,SGSM3-AS1,1
SP4,RBX1,1
SP4,MEI1,1
SP4,TNFRSF13C,1
SP4,WBP2NL,1
SP4,EFCAB6-DT,1
SP4,PKDREJ,1
SP4,PRR34-AS1,1
SP4,CELSR1,1
SP4,CRBN,1
SP4,ITPR1,1
SP4,THUMPD3-AS1,1
SP4,LHFPL4,1
SP4,FANCD2,1
SP4,ARPC4,1
SP4,CIDEC,1
SP4,FANCD2OS,1
SP4,CCDC174,1
SP4,XPC,1
SP4,LSM3,1
SP4,PLCL2-AS1,1
SP4,EFHB,1
SP4,SGO1-AS1,1
SP4,KCNH8,1
SP4,THRB,1
SP4,NGLY1,1
SP4,OSBPL10,1
SP4,OSBPL10-AS1,1
SP4,ZNF860,1
SP4,LINC01811,1
SP4,LINC02033,1
SP4,TTC21A,1
SP4,EPM2AIP1,1
SP4,GOLGA4,1
SP4,EXOG,1
SP4,EIF1B-AS1,1
SP4,ENTPD3-AS1,1
SP4,SS18L2,1
SP4,ZNF852,1
SP4,EXOSC7,1
SP4,LIMD1-AS1,1
SP4,TMA7,1
SP4,IP6K2,1
SP4,PRKAR2A-AS1,1
SP4,TCTA,1
SP4,RBM6,1
SP4,RBM5,1
SP4,RASSF1-AS1,1
SP4,TWF2-DT,1
SP4,ASB14,1
SP4,DNAH12,1
SP4,ARF4-AS1,1
SP4,SUCLG2-DT,1
SP4,UBA3,1
SP4,ARL6IP5,1
SP4,FOXP1,1
SP4,FOXP1-AS1,1
SP4,LINC02018,1
SP4,LINC00960,1
SP4,ZNF717,1
SP4,DHFR2,1
SP4,ARL6,1
SP4,OR5K2,1
SP4,CLDND1,1
SP4,NDUFB4,1
SP4,TTC14,1
SP4,NIT2,1
SP4,SENP7,1
SP4,DZIP3,1
SP4,CD47,1
SP4,IFT57,1
SP4,BBX,1
SP4,SIDT1-AS1,1
SP4,ABHD10,1
SP4,CD200,1
SP4,BTLA,1
SP4,ATG3,1
SP4,CCDC80,1
SP4,NEPRO-AS1,1
SP4,CD200R1,1
SP4,LINC02044,1
SP4,BOC,1
SP4,GRAMD1C,1
SP4,ZDHHC23,1
SP4,ZBTB20-AS4,1
SP4,ZBTB20,1
SP4,POGLUT1,1
SP4,POPDC2,1
SP4,HCLS1,1
SP4,IQCB1,1
SP4,EAF2,1
SP4,SLC15A2,1
SP4,FAM162A,1
SP4,PARP15,1
SP4,WDR5B,1
SP4,KPNA1,1
SP4,PARP14,1
SP4,SEC22A,1
SP4,MYLK-AS1,1
SP4,LINC02614,1
SP4,MBD4,1
SP4,CNBP,1
SP4,EFCAB12,1
SP4,ASTE1,1
SP4,CEP63,1
SP4,ANAPC13,1
SP4,SERPINI1,1
SP4,ARMC8,1
SP4,NCK1-DT,1
SP4,COPB2-DT,1
SP4,RBP2,1
SP4,RASA2,1
SP4,RASA2-IT1,1
SP4,HPS3,1
SP4,CP,1
SP4,COMMD2,1
SP4,LINC02917,1
SP4,ARHGEF26,1
SP4,LINC00886,1
SP4,IL12A,1
SP4,IFT80,1
SP4,TRIM59,1
SP4,PDCD10,1
SP4,SEC62,1
SP4,SKIL,1
SP4,PHC3,1
SP4,FHL1P1,1
SP4,CLDN11,1
SP4,MFN1,1
SP4,NDUFB5,1
SP4,PEX5L,1
SP4,DNAJC19,1
SP4,KLHL6-AS1,1
SP4,PARL,1
SP4,MAP3K13,1
SP4,LIPH,1
SP4,ST6GAL1,1
SP4,OSTN-AS1,1
SP4,UTS2B,1
SP4,CCDC50,1
SP4,LINC02924,1
SP4,TMEM44-AS1,1
SP4,APOD,1
SP4,MUC20-OT1,1
SP4,MUC20,1
SP4,ZDHHC19,1
SP4,LRCH3,1
SP4,ZNF141,1
SP4,PDE6B,1
SP4,ATP5ME,1
SP4,PCGF3,1
SP4,CFAP99,1
SP4,HTT-AS,1
SP4,LINC02482,1
SP4,FAM200B,1
SP4,SEPSECS-AS1,1
SP4,ANAPC4,1
SP4,SMIM20,1
SP4,PTTG2,1
SP4,TLR10,1
SP4,TMEM156,1
SP4,WDR19,1
SP4,UGDH-AS1,1
SP4,SMIM14,1
SP4,RHOH,1
SP4,DCAF4L1,1
SP4,GNPDA2,1
SP4,COMMD8,1
SP4,ATP10D,1
SP4,CORIN,1
SP4,OCIAD2,1
SP4,AASDH,1
SP4,STAP1,1
SP4,UBA6-DT,1
SP4,UGT2B17,1
SP4,AMBN,1
SP4,ENAM,1
SP4,RUFY3,1
SP4,THAP6,1
SP4,SDAD1,1
SP4,SDAD1-AS1,1
SP4,MRPS18C,1
SP4,PLAC8,1
SP4,HELQ,1
SP4,ARHGAP24,1
SP4,PPM1K,1
SP4,PPM1K-DT,1
SP4,HERC6,1
SP4,CCSER1,1
SP4,RAP1GDS1,1
SP4,DAPP1,1
SP4,ADH4,1
SP4,ADH6,1
SP4,BANK1,1
SP4,SLC9B1,1
SP4,CYP2U1,1
SP4,LRIT3,1
SP4,ANK2,1
SP4,METTL14-DT,1
SP4,METTL14,1
SP4,SYNPO2,1
SP4,C4orf3,1
SP4,FGF2,1
SP4,NDUFC1,1
SP4,RAB33B-AS1,1
SP4,SCOC-AS1,1
SP4,LSM6,1
SP4,TMEM154,1
SP4,FHDC1,1
SP4,TRIM2,1
SP4,DCHS2,1
SP4,PLRG1,1
SP4,MSMO1,1
SP4,MARCHF1,1
SP4,FAM218A,1
SP4,IRF2,1
SP4,LINC02427,1
SP4,LINC02365,1
SP4,LRP2BP,1
SP4,LRP2BP-AS1,1
SP4,GMDS-DT,1
SP4,MARCHF6,1
SP4,TTC23L,1
SP4,SLC1A3-AS1,1
SP4,FBXO4,1
SP4,NIM1K,1
SP4,TMEM267,1
SP4,MOCS2,1
SP4,MOCS2-DT,1
SP4,GPBP1,1
SP4,LINC01948,1
SP4,C5orf67,1
SP4,DIMT1,1
SP4,PPWD1,1
SP4,MRPS36,1
SP4,CD180,1
SP4,RAD17,1
SP4,BDP1,1
SP4,TAF9,1
SP4,ANKRA2,1
SP4,SCAMP1-AS1,1
SP4,TMEM161B-DT,1
SP4,MIR4280HG,1
SP4,MEF2C-AS1,1
SP4,ARRDC3,1
SP4,RGMB-AS1,1
SP4,CHD1-DT,1
SP4,ERAP2,1
SP4,LIX1-AS1,1
SP4,LIX1,1
SP4,SRP19,1
SP4,REEP5,1
SP4,AP3S1,1
SP4,TNFAIP8,1
SP4,PGGT1B,1
SP4,ATG12,1
SP4,DMXL1,1
SP4,LINC02201,1
SP4,SNX2,1
SP4,CSNK1G3,1
SP4,MARCHF3,1
SP4,C5orf63,1
SP4,SLC12A2,1
SP4,CDC42SE2,1
SP4,RAD50,1
SP4,UQCRQ,1
SP4,KIF3A,1
SP4,FSTL4,1
SP4,ZCCHC10,1
SP4,C5orf15,1
SP4,PKD2L2-DT,1
SP4,MATR3,1
SP4,IGIP,1
SP4,IK,1
SP4,HARS2,1
SP4,MAT2B,1
SP4,PCDHGA7,1
SP4,PCDHGA8,1
SP4,PCDHGA10,1
SP4,RNF14,1
SP4,PCDHGB6,1
SP4,PLAC8L1,1
SP4,GRPEL2-AS1,1
SP4,CD74,1
SP4,RPS14,1
SP4,SYNPO,1
SP4,ZNF300,1
SP4,CLMAT3,1
SP4,MRPL22,1
SP4,SAP30L-AS1,1
SP4,MED7,1
SP4,FNDC9,1
SP4,NIPAL4-DT,1
SP4,ADAM19,1
SP4,NIPAL4,1
SP4,TTC1,1
SP4,RPL26L1-AS1,1
SP4,ATP6V0E1,1
SP4,SNCB,1
SP4,ARL10,1
SP4,ZNF354A,1
SP4,HNRNPH1,1
SP4,TRIM7-AS1,1
SP4,TRIM52,1
SP4,EXOC2,1
SP4,SERPINB9P1,1
SP4,SERPINB9,1
SP4,BPHL,1
SP4,PSMG4,1
SP4,PXDC1,1
SP4,ECI2,1
SP4,LY86,1
SP4,DSP-AS1,1
SP4,DSP,1
SP4,BLOC1S5,1
SP4,HULC,1
SP4,TMEM14B-DT,1
SP4,USP45,1
SP4,C6orf62,1
SP4,ARMH2,1
SP4,RIPOR2,1
SP4,CDKAL1,1
SP4,MRS2,1
SP4,TRIM38,1
SP4,CARMIL1,1
SP4,BTN3A2,1
SP4,BTN2A2,1
SP4,HMGN4,1
SP4,BTN3A3,1
SP4,ZNF165,1
SP4,ZSCAN16,1
SP4,ZSCAN26,1
SP4,GABBR1,1
SP4,HLA-F,1
SP4,HCG18,1
SP4,HLA-E,1
SP4,RPP21,1
SP4,MRPS18B,1
SP4,PSORS1C3,1
SP4,NCR3,1
SP4,CLIC1,1
SP4,SNHG32,1
SP4,HLA-DOA,1
SP4,TSBP1-AS1,1
SP4,TSBP1,1
SP4,HLA-DQA1,1
SP4,PSMB8-AS1,1
SP4,PSMB9,1
SP4,HCG25,1
SP4,HLA-DRA,1
SP4,BTNL2,1
SP4,HLA-DRB5,1
SP4,HLA-DRB1,1
SP4,HLA-DQB1,1
SP4,HLA-DQB1-AS1,1
SP4,HLA-DQA2,1
SP4,HLA-DQB2,1
SP4,HLA-DOB,1
SP4,TAP2,1
SP4,HLA-DMB,1
SP4,HLA-DMA,1
SP4,HLA-DPA1,1
SP4,HLA-DPB1,1
SP4,HCG24,1
SP4,SMIM29,1
SP4,ILRUN-AS1,1
SP4,FGD2,1
SP4,SAYSD1,1
SP4,APOBEC2,1
SP4,TREML2,1
SP4,TBCC,1
SP4,MEA1,1
SP4,SLC22A7,1
SP4,CRIP3,1
SP4,MRPS18A,1
SP4,EFHC1,1
SP4,GCM1,1
SP4,ELOVL5,1
SP4,TMEM14A,1
SP4,LINC00680-GUSBP4,1
SP4,EYS,1
SP4,LMBRD1,1
SP4,COL19A1,1
SP4,COL9A1,1
SP4,OOEP,1
SP4,DDX43,1
SP4,MTO1,1
SP4,FILIP1,1
SP4,BCKDHB,1
SP4,UBE3D,1
SP4,MRAP2,1
SP4,NT5E,1
SP4,KPNA5,1
SP4,GJB7,1
SP4,SMIM8,1
SP4,C6orf163,1
SP4,ORC3,1
SP4,SLC35A1,1
SP4,RARS2,1
SP4,MDN1-AS1,1
SP4,ARMC2,1
SP4,SESN1,1
SP4,ZBTB24-DT,1
SP4,AK9,1
SP4,FIG4,1
SP4,REV3L-IT1,1
SP4,NT5DC1,1
SP4,TSPYL1,1
SP4,CALHM6,1
SP4,SERINC1,1
SP4,ENPP1,1
SP4,STX7,1
SP4,TBPL1,1
SP4,HIVEP2-DT,1
SP4,PEX3,1
SP4,UST,1
SP4,PLEKHG1,1
SP4,TFB1M,1
SP4,TMEM242,1
SP4,ZDHHC14,1
SP4,GTF2H5,1
SP4,TULP4,1
SP4,TBXT,1
SP4,SFT2D1,1
SP4,CCR6,1
SP4,ERMARD,1
SP4,LINC00242,1
SP4,PSMB1,1
SP4,FAM120B,1
SP4,SUN1,1
SP4,PSMG3,1
SP4,ELFN1-AS1,1
SP4,MAD1L1,1
SP4,SNX8,1
SP4,RSPH10B,1
SP4,UMAD1,1
SP4,LINC03016,1
SP4,MIOS-DT,1
SP4,NDUFA4,1
SP4,HDAC9,1
SP4,GIRGL,1
SP4,DNAH11,1
SP4,IL6-AS1,1
SP4,IL6,1
SP4,HYCC1,1
SP4,PALS2,1
SP4,GSDME,1
SP4,CCDC126,1
SP4,LINC01176,1
SP4,NT5C3A,1
SP4,RP9,1
SP4,BBS9,1
SP4,LINC03013,1
SP4,SEPTIN7-DT,1
SP4,SEPTIN7,1
SP4,AMPH,1
SP4,VPS41,1
SP4,CDK13,1
SP4,YAE1,1
SP4,MRPL32,1
SP4,UBE2D4,1
SP4,COA1,1
SP4,MRPS24,1
SP4,TMED4,1
SP4,SPDYE1,1
SP4,ZNF138,1
SP4,TPST1,1
SP4,LINC00174,1
SP4,SPDYE21,1
SP4,SPDYE5,1
SP4,STYXL1,1
SP4,GSAP,1
SP4,PHTF2,1
SP4,TMEM60,1
SP4,DMTF1,1
SP4,TP53TG1,1
SP4,CROT,1
SP4,ABCB4,1
SP4,STEAP1,1
SP4,GTPBP10,1
SP4,CDK14,1
SP4,AKAP9,1
SP4,KRIT1,1
SP4,RBM48,1
SP4,PEX1,1
SP4,VPS50,1
SP4,SGCE,1
SP4,POT1-AS1,1
SP4,AGK,1
SP4,ATP5MF,1
SP4,ZNF655,1
SP4,CYP3A5,1
SP4,TRIM4,1
SP4,LAMTOR4,1
SP4,STAG3,1
SP4,ZCWPW1,1
SP4,ORAI2,1
SP4,SPDYE2,1
SP4,POLR2J3,1
SP4,POLR2J2,1
SP4,SPDYE6,1
SP4,NAPEPLD,1
SP4,PMPCB,1
SP4,KMT2E-AS1,1
SP4,SRPK2,1
SP4,HBP1,1
SP4,DUS4L,1
SP4,DUS4L-BCAP29,1
SP4,THAP5,1
SP4,TES,1
SP4,ING3,1
SP4,WNT16,1
SP4,AASS,1
SP4,PODXL,1
SP4,AGBL3,1
SP4,TMEM140,1
SP4,CNOT4,1
SP4,SLC13A4,1
SP4,ZC3HAV1,1
SP4,FMC1,1
SP4,KDM7A-DT,1
SP4,PRSS37,1
SP4,NDUFB2,1
SP4,WEE2,1
SP4,PRSS1,1
SP4,CASP2,1
SP4,PIP,1
SP4,ARHGEF35-AS1,1
SP4,OR2A1-AS1,1
SP4,OR2A1,1
SP4,ARHGEF5,1
SP4,OR2A42,1
SP4,OR2A7,1
SP4,TPK1,1
SP4,CNTNAP2,1
SP4,ABCF2-H2BK1,1
SP4,PAXIP1-AS2,1
SP4,PAXIP1-DT,1
SP4,RNF32,1
SP4,ERICH1,1
SP4,FBXO25,1
SP4,ARHGEF10,1
SP4,MCPH1-AS1,1
SP4,AGPAT5,1
SP4,MTMR9,1
SP4,SLC35G5,1
SP4,ZDHHC2,1
SP4,CNOT7,1
SP4,SLC18A1,1
SP4,PEBP4,1
SP4,TNFRSF10A-DT,1
SP4,CHMP7,1
SP4,TNFRSF10A,1
SP4,PNOC,1
SP4,HMBOX1,1
SP4,HMBOX1-IT1,1
SP4,RNF122,1
SP4,ADAM28,1
SP4,NSD3,1
SP4,DDHD2,1
SP4,PLPP5,1
SP4,IKBKB,1
SP4,SMIM19,1
SP4,RNF170,1
SP4,PCMTD1,1
SP4,PCMTD1-DT,1
SP4,SDR16C5,1
SP4,DNAJC5B,1
SP4,C8orf44-SGK3,1
SP4,C8orf44,1
SP4,SLCO5A1-AS1,1
SP4,LACTB2-AS1,1
SP4,LACTB2,1
SP4,C8orf89,1
SP4,RPL7,1
SP4,UBE2W,1
SP4,GDAP1,1
SP4,ZC2HC1A,1
SP4,IL7,1
SP4,MITA1,1
SP4,LINC02605,1
SP4,TPD52,1
SP4,CA13,1
SP4,CA3,1
SP4,CA3-AS1,1
SP4,CNGB3,1
SP4,DECR1,1
SP4,CALB1,1
SP4,LINC00534,1
SP4,LRRC69,1
SP4,LINC01030,1
SP4,OTUD6B-AS1,1
SP4,VIRMA-DT,1
SP4,MIR378D2HG,1
SP4,PLEKHF2,1
SP4,CFAP418-AS1,1
SP4,CFAP418,1
SP4,MATN2,1
SP4,RIDA,1
SP4,VPS13B-DT,1
SP4,COX6C,1
SP4,POLR2K,1
SP4,ZNNT1,1
SP4,ZNF706,1
SP4,ATP6V1C1,1
SP4,DCAF13,1
SP4,EBAG9,1
SP4,TRHR,1
SP4,RNF139-DT,1
SP4,NDUFB9,1
SP4,MTSS1,1
SP4,ASAP1-IT2,1
SP4,HPYR1,1
SP4,LINC02055,1
SP4,PSCA,1
SP4,MINCR,1
SP4,ZNF34,1
SP4,ZNF7,1
SP4,ZNF250,1
SP4,ZNF252P-AS1,1
SP4,RLN2,1
SP4,LINC02851,1
SP4,KDM4C,1
SP4,SLC24A2,1
SP4,MOB3B,1
SP4,ACO1,1
SP4,RIGI,1
SP4,SMIM27,1
SP4,NDUFB6,1
SP4,SMU1,1
SP4,APTX,1
SP4,B4GALT1,1
SP4,B4GALT1-AS1,1
SP4,ZCCHC7,1
SP4,EBLN3P,1
SP4,TOMM5,1
SP4,FAM88E,1
SP4,GDA,1
SP4,IDNK,1
SP4,ZNF169,1
SP4,ERCC6L2-AS1,1
SP4,PRXL2C,1
SP4,SUGT1P4-STRA6LP,1
SP4,XPA,1
SP4,MRPL50,1
SP4,FKTN-AS1,1
SP4,ABITRAM,1
SP4,CDC26,1
SP4,ATP6V1G1,1
SP4,MIR600HG,1
SP4,HMGA1P4,1
SP4,SET,1
SP4,LINC02846,1
SP4,LINC01451,1
SP4,LCN8,1
SP4,STPG3-AS1,1
SP4,DHRSX-IT1,1
SP4,XG,1
SP4,CLCN4,1
SP4,OFD1,1
SP4,TCEANC,1
SP4,TRAPPC2,1
SP4,S100G,1
SP4,TRMT2B-AS1,1
SP4,PHKA2-AS1,1
SP4,CNKSR2,1
SP4,EIF2S3,1
SP4,GK-IT1,1
SP4,DYNLT3,1
SP4,KRBOX4,1
SP4,INE1,1
SP4,ZNF41,1
SP4,PORCN-DT,1
SP4,PIM2,1
SP4,WDR45,1
SP4,TSR2,1
SP4,PFKFB1,1
SP4,KLF8,1
SP4,IL2RG,1
SP4,PIN4,1
SP4,HDAC8,1
SP4,CHIC1,1
SP4,ABCB7,1
SP4,P2RY10,1
SP4,CYSLTR1,1
SP4,HDX,1
SP4,ARL13A,1
SP4,TRMT2B,1
SP4,ARMCX6,1
SP4,ARMCX2,1
SP4,ARMCX5-GPRASP2,1
SP4,TCEAL1,1
SP4,RAB9B,1
SP4,SLC25A53,1
SP4,ZCCHC18,1
SP4,RADX,1
SP4,PRPS1,1
SP4,TSC22D3,1
SP4,PSMD10,1
SP4,ALG13,1
SP4,ALG13-AS1,1
SP4,STAG2-AS1,1
SP4,SLC25A5-AS1,1
SP4,RNF113A,1
SP4,NDUFA1,1
SP4,RHOXF1,1
SP4,ENOX2,1
SP4,INTS6L,1
SP4,MAMLD1,1
SP4,MTM1,1
SP4,ATP6AP1-DT,1
SP4,SSR4,1
SP4,TMLHE-AS1,1
SP4,USP9Y,1
SP4,UTY,1
SP4,RPS4Y2,1
STAT4,ZNF347,1
TAL1,PRDM16-DT,1
TAL1,PRDM16,1
TAL1,MEGF6,1
TAL1,ARHGEF16,1
TAL1,CHD5,1
TAL1,RERE,1
TAL1,TMEM51-AS1,1
TAL1,TMEM51,1
TAL1,EPHA2,1
TAL1,LDLRAD2,1
TAL1,HSPG2,1
TAL1,RUNX3-AS1,1
TAL1,PAQR7,1
TAL1,SNHG3,1
TAL1,RAB42,1
TAL1,PTPRU,1
TAL1,SH3D21,1
TAL1,MACF1,1
TAL1,HEYL,1
TAL1,SLFNL1-AS1,1
TAL1,TIE1,1
TAL1,MPL,1
TAL1,PTPRF,1
TAL1,UROD,1
TAL1,CYP4A22-AS1,1
TAL1,CYB5RL,1
TAL1,SSBP3,1
TAL1,ACOT11,1
TAL1,FAM151A,1
TAL1,MROH7,1
TAL1,DHCR24,1
TAL1,DOCK7,1
TAL1,DNAJC6,1
TAL1,SGIP1,1
TAL1,DYNLT5,1
TAL1,PRKACB,1
TAL1,SAMD13,1
TAL1,DDAH1,1
TAL1,ODF2L,1
TAL1,CLCA4-AS1,1
TAL1,LINC01140,1
TAL1,LINC02801,1
TAL1,HENMT1,1
TAL1,TMIGD3,1
TAL1,TTF2,1
TAL1,TRIM45,1
TAL1,BCL9,1
TAL1,LINC02805,1
TAL1,SV2A,1
TAL1,S100A3,1
TAL1,INTS3,1
TAL1,SHE,1
TAL1,TDRD10,1
TAL1,HDGF,1
TAL1,NTRK1,1
TAL1,PEAR1,1
TAL1,LINC02772,1
TAL1,CADM3-AS1,1
TAL1,KIRREL1,1
TAL1,CD244,1
TAL1,NOS1AP,1
TAL1,C1orf226,1
TAL1,POGK,1
TAL1,STYXL2,1
TAL1,GPR161,1
TAL1,CCDC181,1
TAL1,TNFSF4,1
TAL1,PRDX6,1
TAL1,DHX9,1
TAL1,PACERR,1
TAL1,PLA2G4A,1
TAL1,KCNT2,1
TAL1,NR5A2,1
TAL1,REN,1
TAL1,GOLT1A,1
TAL1,PLEKHA6,1
TAL1,RHEX,1
TAL1,LINC02767,1
TAL1,FLVCR1,1
TAL1,CDC42BPA,1
TAL1,CHRM3,1
TAL1,OR14L1,1
TAL1,TRIM58,1
TAL1,PFKP-DT,1
TAL1,AKR1C1,1
TAL1,AKR1C2,1
TAL1,AKR1E2,1
TAL1,NET1,1
TAL1,LASTR,1
TAL1,FRMD4A,1
TAL1,ST8SIA6,1
TAL1,ST8SIA6-AS1,1
TAL1,TMEM236,1
TAL1,MRC1,1
TAL1,PRTFDC1,1
TAL1,ENKUR,1
TAL1,JCAD,1
TAL1,FZD8,1
TAL1,BMS1,1
TAL1,TMEM72,1
TAL1,BICC1,1
TAL1,DDX50,1
TAL1,MACROH2A2,1
TAL1,EIF4EBP2,1
TAL1,ADAMTS14,1
TAL1,PCBD1,1
TAL1,CHST3,1
TAL1,SLC29A3,1
TAL1,USP54,1
TAL1,AGAP5,1
TAL1,ZNF503-AS1,1
TAL1,ZNF503-AS2,1
TAL1,SORBS1,1
TAL1,ALDH18A1,1
TAL1,ZNF518A,1
TAL1,MMS19,1
TAL1,MARVELD1,1
TAL1,MORN4,1
TAL1,LINC01475,1
TAL1,NKX2-3,1
TAL1,ERLIN1,1
TAL1,SCD,1
TAL1,PPRC1,1
TAL1,NOLC1,1
TAL1,NPM3,1
TAL1,SUFU,1
TAL1,SFXN2,1
TAL1,ADRA2A,1
TAL1,DOCK1,1
TAL1,INSYN2A,1
TAL1,B4GALNT4,1
TAL1,MRPL23-AS1,1
TAL1,H19,1
TAL1,ZNF195,1
TAL1,HBD,1
TAL1,HBG1,1
TAL1,IPO7,1
TAL1,LINC00958,1
TAL1,RASSF10-DT,1
TAL1,BDNF,1
TAL1,LMO2,1
TAL1,CAPRIN1,1
TAL1,NAT10,1
TAL1,C11orf96,1
TAL1,PRDM11,1
TAL1,FAM180B,1
TAL1,C1QTNF4,1
TAL1,LRRC55,1
TAL1,APLNR,1
TAL1,SSRP1,1
TAL1,ZFTA,1
TAL1,SPINDOC,1
TAL1,RCOR2,1
TAL1,NAA40,1
TAL1,SPTBN2,1
TAL1,LRFN4,1
TAL1,GSTP1,1
TAL1,ACY3,1
TAL1,LRP5,1
TAL1,KRTAP5-10,1
TAL1,DEFB131B,1
TAL1,NUMA1,1
TAL1,ARHGEF17-AS1,1
TAL1,ARHGEF17,1
TAL1,RPS3,1
TAL1,SERPINH1,1
TAL1,TSKU,1
TAL1,KCTD21-AS1,1
TAL1,TAF1D,1
TAL1,ZBTB16,1
TAL1,BACE1,1
TAL1,FXYD6,1
TAL1,FXYD6-AS1,1
TAL1,FOXR1,1
TAL1,SLC37A4,1
TAL1,THY1,1
TAL1,TLCD5,1
TAL1,RPUSD4,1
TAL1,TIRAP-AS1,1
TAL1,TNFRSF1A,1
TAL1,C1RL,1
TAL1,RBP5,1
TAL1,CLSTN3,1
TAL1,MANSC1,1
TAL1,PLEKHA5,1
TAL1,PDE3A,1
TAL1,TSPAN11,1
TAL1,DDX11,1
TAL1,CPNE8-AS1,1
TAL1,GXYLT1,1
TAL1,LIMA1,1
TAL1,SMARCD1,1
TAL1,CBX5,1
TAL1,HNRNPA1,1
TAL1,NFE2,1
TAL1,PRIM1,1
TAL1,GPR182,1
TAL1,MBD6,1
TAL1,EEF1AKMT3,1
TAL1,MSRB3,1
TAL1,HMGA2,1
TAL1,PAWR,1
TAL1,CEP83,1
TAL1,CHST11,1
TAL1,NUAK1,1
TAL1,CORO1C,1
TAL1,UNG,1
TAL1,SDSL,1
TAL1,CIT,1
TAL1,KNTC1,1
TAL1,ATP6V0A2,1
TAL1,RFLNA,1
TAL1,NCOR2,1
TAL1,LINC00621,1
TAL1,SACS,1
TAL1,TNFRSF19,1
TAL1,ATP12A,1
TAL1,CENPJ,1
TAL1,CDK8,1
TAL1,TUSC8,1
TAL1,TSC22D1,1
TAL1,TSC22D1-AS1,1
TAL1,EBPL,1
TAL1,CNMD,1
TAL1,DACH1,1
TAL1,IPO5,1
TAL1,ACIN1,1
TAL1,SLC7A8,1
TAL1,RNF212B,1
TAL1,PNN,1
TAL1,MDGA2,1
TAL1,LINC00648,1
TAL1,L2HGDH,1
TAL1,BMP4,1
TAL1,KTN1-AS1,1
TAL1,FCF1,1
TAL1,YLPM1,1
TAL1,TTLL5,1
TAL1,STON2,1
TAL1,FLRT2,1
TAL1,SLC25A29,1
TAL1,DLK1,1
TAL1,MEG3,1
TAL1,CKB,1
TAL1,GOLGA8M,1
TAL1,GOLGA6L7,1
TAL1,SPRED1,1
TAL1,FAM98B,1
TAL1,TP53BP1,1
TAL1,FBN1,1
TAL1,FBN1-DT,1
TAL1,ATP8B4,1
TAL1,SLC27A2,1
TAL1,HDC,1
TAL1,DTWD1,1
TAL1,TLN2,1
TAL1,ANP32A,1
TAL1,GLCE,1
TAL1,CD276,1
TAL1,SH2D7,1
TAL1,CIB2,1
TAL1,CRABP1,1
TAL1,ARNT2,1
TAL1,MEX3B,1
TAL1,SH3GL3,1
TAL1,MAN2A2,1
TAL1,LINC00923,1
TAL1,TTC23,1
TAL1,TTC23-AS1,1
TAL1,CRAMP1,1
TAL1,JPT2,1
TAL1,MEIOB,1
TAL1,RPS2,1
TAL1,NPW,1
TAL1,NHERF2,1
TAL1,TBC1D24,1
TAL1,GLYR1,1
TAL1,ABCC1,1
TAL1,LINC02175,1
TAL1,SPN,1
TAL1,QPRT,1
TAL1,DOC2A,1
TAL1,TBX6,1
TAL1,IRX3,1
TAL1,MMP15,1
TAL1,SF3B3,1
TAL1,PCHILR,1
TAL1,WDR59,1
TAL1,ZNRF1,1
TAL1,TMEM231,1
TAL1,GSE1,1
TAL1,SPG7,1
TAL1,VPS9D1-AS1,1
TAL1,SPNS3,1
TAL1,SPNS2-AS1,1
TAL1,SPNS2,1
TAL1,WSCD1,1
TAL1,KIAA0753,1
TAL1,FBXO39,1
TAL1,BCL6B,1
TAL1,DLG4,1
TAL1,SLC2A4,1
TAL1,HS3ST3A1,1
TAL1,TOP3A,1
TAL1,LINC02076,1
TAL1,TMEM97,1
TAL1,BLTP2,1
TAL1,MYO18A,1
TAL1,TMEM98,1
TAL1,LIG3,1
TAL1,FNDC8,1
TAL1,NLE1,1
TAL1,RASL10B,1
TAL1,TAF15,1
TAL1,CCL23,1
TAL1,MYO19,1
TAL1,ACACA,1
TAL1,RAMP2,1
TAL1,PTGES3L,1
TAL1,AOC3,1
TAL1,SLC4A1,1
TAL1,FAM171A2,1
TAL1,KPNB1,1
TAL1,NGFR,1
TAL1,MBTD1,1
TAL1,MSI2,1
TAL1,GDPD1,1
TAL1,CYB561,1
TAL1,ACE,1
TAL1,DCAF7,1
TAL1,MRC2,1
TAL1,TMEM94,1
TAL1,CASKIN2,1
TAL1,MYO15B,1
TAL1,SMIM6,1
TAL1,UNC13D,1
TAL1,TRIM65,1
TAL1,ENOSF1,1
TAL1,LPIN2,1
TAL1,PTPRM,1
TAL1,PIEZO2,1
TAL1,LINC02979,1
TAL1,PRELID3A,1
TAL1,ZNF521,1
TAL1,ZSCAN30,1
TAL1,FECH,1
TAL1,TNFRSF11A,1
TAL1,LINC00683,1
TAL1,PRSS57,1
TAL1,PTBP1,1
TAL1,FUT6,1
TAL1,ACSBG2,1
TAL1,MLLT1,1
TAL1,KHSRP,1
TAL1,PRAM1,1
TAL1,ZNF491,1
TAL1,ZNF69,1
TAL1,CYP4F2,1
TAL1,LINC00664,1
TAL1,URI1,1
TAL1,DPY19L3,1
TAL1,PDCD5,1
TAL1,ANKRD27,1
TAL1,TDRD12,1
TAL1,UBA2,1
TAL1,B3GNT8,1
TAL1,ZNF229,1
TAL1,BCAM,1
TAL1,EXOC3L2,1
TAL1,FOSB,1
TAL1,GPR4,1
TAL1,SLC1A5,1
TAL1,EHD2,1
TAL1,CD33,1
TAL1,IGLON5,1
TAL1,VSIG10L,1
TAL1,ZNF320,1
TAL1,ZNF888,1
TAL1,MBOAT7,1
TAL1,RPS9,1
TAL1,EPS8L1,1
TAL1,TNNI3,1
TAL1,DNAAF3,1
TAL1,U2AF2,1
TAL1,ZSCAN5A-AS1,1
TAL1,ZNF667,1
TAL1,RNF144A,1
TAL1,DNMT3A,1
TAL1,KIF3C,1
TAL1,HADHA,1
TAL1,DPYSL5,1
TAL1,EMILIN1,1
TAL1,CGREF1,1
TAL1,CAD,1
TAL1,GTF3C2-AS2,1
TAL1,IFT172,1
TAL1,C2orf16,1
TAL1,CRIM1-DT,1
TAL1,CRIM1,1
TAL1,PKDCC,1
TAL1,TIA1,1
TAL1,FAM136A,1
TAL1,CYP26B1,1
TAL1,BOLA3-DT,1
TAL1,LOXL3,1
TAL1,M1AP,1
TAL1,HK2-DT,1
TAL1,HK2,1
TAL1,POLR1A,1
TAL1,FAM178B,1
TAL1,FAHD2B,1
TAL1,CHST10,1
TAL1,IL1RL1,1
TAL1,IL18R1,1
TAL1,GPR45,1
TAL1,TGFBRAP1,1
TAL1,LINC01123,1
TAL1,LINC01106,1
TAL1,POLR1B,1
TAL1,IL1B,1
TAL1,CYP27C1,1
TAL1,HS6ST1,1
TAL1,TMEM163,1
TAL1,TANC1,1
TAL1,SSB,1
TAL1,METAP1D,1
TAL1,RAPGEF4,1
TAL1,CDCA7,1
TAL1,HNRNPA3,1
TAL1,ITPRID2-DT,1
TAL1,PPP1R1C,1
TAL1,CALCRL,1
TAL1,TFPI,1
TAL1,WDR75,1
TAL1,SLC40A1,1
TAL1,PMS1,1
TAL1,SLC39A10,1
TAL1,PTH2R,1
TAL1,IGFBP5,1
TAL1,OBSL1,1
TAL1,INHA,1
TAL1,SERPINE2,1
TAL1,FAM124B,1
TAL1,LINC01907,1
TAL1,SH3BP4,1
TAL1,ACKR3,1
TAL1,LINC00654,1
TAL1,FLRT3,1
TAL1,SLC24A3,1
TAL1,C20orf203,1
TAL1,DNMT3B,1
TAL1,MYLK2,1
TAL1,TM9SF4,1
TAL1,PROCR,1
TAL1,ZNF334,1
TAL1,SLC2A10,1
TAL1,CRMA,1
TAL1,SLCO4A1,1
TAL1,SLCO4A1-AS1,1
TAL1,NTSR1,1
TAL1,SLC17A9,1
TAL1,SOX18,1
TAL1,RSPH1,1
TAL1,RRP1B,1
TAL1,CLDN5,1
TAL1,MN1,1
TAL1,TTC28,1
TAL1,NIPSNAP1,1
TAL1,SEC14L6,1
TAL1,OSBP2,1
TAL1,TIMP3,1
TAL1,CARD10,1
TAL1,H1-0,1
TAL1,GCAT,1
TAL1,EIF3L,1
TAL1,SMIM45,1
TAL1,FBLN1,1
TAL1,MLC1,1
TAL1,MOV10L1,1
TAL1,MAPK12,1
TAL1,BALR6,1
TAL1,TRIM71,1
TAL1,ITGA9,1
TAL1,ITGA9-AS1,1
TAL1,CTDSPL,1
TAL1,OXSR1,1
TAL1,ACVR2B,1
TAL1,TCAIM,1
TAL1,ZNF445,1
TAL1,CDCP1,1
TAL1,CLEC3B,1
TAL1,CCR5,1
TAL1,SMARCC1,1
TAL1,CDC25A,1
TAL1,LAMB2,1
TAL1,AMT,1
TAL1,BSN,1
TAL1,IMPDH2,1
TAL1,HYAL3,1
TAL1,CISH,1
TAL1,MAPKAPK3,1
TAL1,DUSP7,1
TAL1,MUSTN1,1
TAL1,HESX1,1
TAL1,MAGI1,1
TAL1,RYBP,1
TAL1,NR1I2,1
TAL1,CHST13,1
TAL1,TXNRD3,1
TAL1,KBTBD12,1
TAL1,GATA2,1
TAL1,GATA2-AS1,1
TAL1,TRH,1
TAL1,LINC02014,1
TAL1,LINC02021,1
TAL1,ATP2C1,1
TAL1,PPP2R3A,1
TAL1,ESYT3,1
TAL1,TFDP2,1
TAL1,P2RY1,1
TAL1,LXN,1
TAL1,RARRES1,1
TAL1,C3orf80,1
TAL1,LINC02082,1
TAL1,TNIK,1
TAL1,NAALADL2,1
TAL1,MCCC1-AS1,1
TAL1,C3orf70,1
TAL1,EHHADH,1
TAL1,IGF2BP2,1
TAL1,P3H2,1
TAL1,HTRA3,1
TAL1,BEND4,1
TAL1,KIT,1
TAL1,KDR,1
TAL1,SRD5A3,1
TAL1,PPAT,1
TAL1,PAICS,1
TAL1,HOPX,1
TAL1,TMPRSS11A,1
TAL1,LINC01088,1
TAL1,ABRAXAS1,1
TAL1,AFF1,1
TAL1,MMRN1,1
TAL1,TIGD2,1
TAL1,METAP1,1
TAL1,GAR1,1
TAL1,GYPB,1
TAL1,GLRB,1
TAL1,MFAP3L,1
TAL1,AADAT,1
TAL1,LINC01612,1
TAL1,CMBL,1
TAL1,ROPN1L,1
TAL1,MARCHF6,1
TAL1,PDZD2,1
TAL1,SLC1A3,1
TAL1,LIFR,1
TAL1,SELENOP,1
TAL1,IQGAP2,1
TAL1,F2R,1
TAL1,RPS23,1
TAL1,NR2F1,1
TAL1,LOX,1
TAL1,SNCAIP,1
TAL1,MEGF10,1
TAL1,SNHG4,1
TAL1,STING1,1
TAL1,SH3RF2,1
TAL1,LARS1,1
TAL1,TCERG1,1
TAL1,SH3TC2,1
TAL1,ABLIM3,1
TAL1,CSF1R,1
TAL1,PDGFRB,1
TAL1,LARP1,1
TAL1,GEMIN5,1
TAL1,MIR3142HG,1
TAL1,CCNG1,1
TAL1,KCNIP1,1
TAL1,RANBP17,1
TAL1,NPM1,1
TAL1,UBTD2,1
TAL1,SH3PXD2B,1
TAL1,NEURL1B,1
TAL1,TBC1D9B,1
TAL1,RASGEF1C,1
TAL1,LINC01600,1
TAL1,SERPINB1,1
TAL1,SERPINB6,1
TAL1,LINC01011,1
TAL1,SLC22A23,1
TAL1,LYRM4-AS1,1
TAL1,GMPR,1
TAL1,E2F3,1
TAL1,NBAT1,1
TAL1,RPS18,1
TAL1,SYNGAP1,1
TAL1,KCNK5,1
TAL1,CAPN11,1
TAL1,SLC29A1,1
TAL1,HSP90AB1,1
TAL1,C6orf141,1
TAL1,PAQR8,1
TAL1,DST,1
TAL1,CD164,1
TAL1,PPIL6,1
TAL1,RPF2,1
TAL1,NCOA7,1
TAL1,TRMT11,1
TAL1,SOGA3,1
TAL1,TMEM200A,1
TAL1,MYB,1
TAL1,MYB-AS1,1
TAL1,MAP7,1
TAL1,ADGRG6,1
TAL1,PLAGL1,1
TAL1,STXBP5,1
TAL1,SAMD5,1
TAL1,MTHFD1L,1
TAL1,ICA1,1
TAL1,PHF14,1
TAL1,CRPPA,1
TAL1,SNX10-AS1,1
TAL1,KIAA0087,1
TAL1,HOXA3,1
TAL1,HOXA-AS2,1
TAL1,HOXA4,1
TAL1,HOXA-AS3,1
TAL1,HOXA5,1
TAL1,HOXA6,1
TAL1,HOXA7,1
TAL1,HOXA9,1
TAL1,HOXA10,1
TAL1,HOXA11-AS,1
TAL1,BMPER,1
TAL1,HERPUD2-AS1,1
TAL1,ELMO1,1
TAL1,FIGNL1,1
TAL1,GRB10,1
TAL1,VKORC1L1,1
TAL1,CT66,1
TAL1,ELN,1
TAL1,YWHAG,1
TAL1,TRRAP,1
TAL1,PUS7,1
TAL1,EFCAB10-AS1,1
TAL1,CTTNBP2,1
TAL1,MEST,1
TAL1,COPG2,1
TAL1,COPG2IT1,1
TAL1,TRIM24,1
TAL1,CLEC5A,1
TAL1,PRSS2,1
TAL1,KEL,1
TAL1,CLCN1,1
TAL1,ZYX,1
TAL1,GIMAP6,1
TAL1,AOC1,1
TAL1,GATA4,1
TAL1,DLC1,1
TAL1,XPO7,1
TAL1,NPM2,1
TAL1,FGF17,1
TAL1,PPP2CB,1
TAL1,TEX15,1
TAL1,PURG,1
TAL1,WRN,1
TAL1,ERLIN2,1
TAL1,ADGRA2,1
TAL1,ADAM32,1
TAL1,PLAT,1
TAL1,NSMAF,1
TAL1,CA8,1
TAL1,SGK3,1
TAL1,MCMDC2,1
TAL1,PREX2,1
TAL1,ZNF704,1
TAL1,TMEM67,1
TAL1,PTDSS1,1
TAL1,PABPC1,1
TAL1,ANGPT1,1
TAL1,DEPTOR,1
TAL1,TMEM65,1
TAL1,MYC,1
TAL1,AGO2,1
TAL1,ERICD,1
TAL1,ZNF696,1
TAL1,TOP1MT,1
TAL1,RHPN1-AS1,1
TAL1,TONSL,1
TAL1,TONSL-AS1,1
TAL1,RPL8,1
TAL1,ERMP1,1
TAL1,IL33,1
TAL1,NFIB,1
TAL1,FREM1,1
TAL1,CCDC171,1
TAL1,IFT74,1
TAL1,TEK,1
TAL1,UBAP2,1
TAL1,ALDH1B1,1
TAL1,ALDH1A1,1
TAL1,GNA14,1
TAL1,GNAQ,1
TAL1,DAPK1,1
TAL1,SPIN1,1
TAL1,NXNL2,1
TAL1,STX17,1
TAL1,FKTN,1
TAL1,GSN,1
TAL1,DAB2IP,1
TAL1,LHX6,1
TAL1,ZBTB26,1
TAL1,GPR21,1
TAL1,MRRF,1
TAL1,HSPA5,1
TAL1,RPL12,1
TAL1,ABL1,1
TAL1,AIF1L,1
TAL1,CEL,1
TAL1,GBGT1,1
TAL1,ABO,1
TAL1,SURF6,1
TAL1,RPL7A,1
TAL1,PLCXD1,1
TAL1,MAP7D2,1
TAL1,EIF1AX,1
TAL1,GK-AS1,1
TAL1,PRRG1,1
TAL1,HDAC6,1
TAL1,GLOD5,1
TAL1,GATA1,1
TAL1,ERAS,1
TAL1,GPR173,1
TAL1,KDM5C,1
TAL1,MAGED2,1
TAL1,TRO,1
TAL1,AMER1,1
TAL1,HEPH,1
TAL1,STARD8,1
TAL1,MED12,1
TAL1,ZMYM3,1
TAL1,ZDHHC15,1
TAL1,BEX1,1
TAL1,NXF3,1
TAL1,BEX4,1
TAL1,TCEAL5,1
TAL1,CHRDL1,1
TAL1,LRCH2,1
TAL1,PLS3,1
TAL1,KLHL13,1
TAL1,GPC3,1
TAL1,PABIR2,1
TAL1,SMIM10,1
TAL1,RTL8B,1
TYY1,ACAD10,1
TYY1,CAB39L,1
TYY1,SRP14,1
TYY1,YIPF4,1
TYY1,MSH2,1
TYY1,KCNK12,1
TYY1,MDH1,1
TYY1,UGP2,1
TYY1,KCNMB3,1
TYY1,ANXA2R-AS1,1
TYY1,NIM1K,1
TYY1,HLA-DRA,1
TYY1,HLA-DRB5,1
TYY1,HLA-DRB1,1
TYY1,HLA-DOA,1
TYY1,DIPK1B,1
TYY1,LCN10,1
TYY1,LCN6,1
TYY1,LCN15,1
TYY1,TRAF2,1
UBIP1,WASF3,1
UBIP1,CAVIN2,1
UBIP1,SNX5,1
ZEB1,ECRG4,1
ZN143,CALM2,1
ZN143,TTC7A,1
ZN213,WDR64,1
ZN239,KMT2E-AS1,1
ZN250,BRD3OS,1
ZN267,LTBP2,1
ZN267,DLGAP2,1
ZN320,RAB22A,1
ZN433,ITPKB-IT1,1
ZN433,NSF,1
ZN440,KANSL1,1
ZN441,LINC01342,1
ZN441,RER1,1
ZN441,TP73,1
ZN441,TP73-AS3,1
ZN441,RERE-AS1,1
ZN441,LNCTAM34A,1
ZN441,NPPA,1
ZN441,PRDM2,1
ZN441,DNAJC16,1
ZN441,AGMAT,1
ZN441,ZBTB40,1
ZN441,LINC01355,1
ZN441,ELOA-AS1,1
ZN441,HMGCL,1
ZN441,CNR2,1
ZN441,IFNLR1,1
ZN441,NIPAL3,1
ZN441,CLIC4,1
ZN441,SYF2,1
ZN441,RSRP1,1
ZN441,CD52,1
ZN441,CRYBG2,1
ZN441,DHDDS-AS1,1
ZN441,NR0B2,1
ZN441,WASF2,1
ZN441,FAM76A,1
ZN441,RPA2,1
ZN441,EYA3,1
ZN441,SNHG12,1
ZN441,ATP5IF1,1
ZN441,TRNAU1AP,1
ZN441,OPRD1,1
ZN441,LAPTM5,1
ZN441,ZCCHC17,1
ZN441,FABP3,1
ZN441,HDAC1,1
ZN441,ZBTB8OS,1
ZN441,TMEM35B,1
ZN441,ZMYM4-AS1,1
ZN441,THRAP3,1
ZN441,TRAPPC3,1
ZN441,LSM10,1
ZN441,MEAF6,1
ZN441,MANEAL,1
ZN441,INPP5B,1
ZN441,LINC01685,1
ZN441,LINC02811,1
ZN441,CAP1,1
ZN441,TMCO2,1
ZN441,PPCS,1
ZN441,CCDC30,1
ZN441,SLC2A1-DT,1
ZN441,ELOVL1,1
ZN441,CFAP57,1
ZN441,HYI-AS1,1
ZN441,CCDC163,1
ZN441,MOB3C,1
ZN441,TEX38,1
ZN441,EFCAB14,1
ZN441,LINC01389,1
ZN441,TXNDC12,1
ZN441,TUT4,1
ZN441,SCP2,1
ZN441,ZYG11A,1
ZN441,LRP8-DT,1
ZN441,LINC02812,1
ZN441,TMEM59,1
ZN441,TTC22,1
ZN441,LINC02777,1
ZN441,LINC01358,1
ZN441,TM2D1,1
ZN441,PATJ,1
ZN441,DLEU2L,1
ZN441,FPGT-TNNI3K,1
ZN441,FPGT,1
ZN441,RNPC3,1
ZN441,MSH4,1
ZN441,NEXN-AS1,1
ZN441,GIPC2,1
ZN441,TRMT13,1
ZN441,PRKACB,1
ZN441,SELENOF,1
ZN441,C1orf146,1
ZN441,DIPK1A,1
ZN441,CCDC18-AS1,1
ZN441,CNN3,1
ZN441,ALG14-AS1,1
ZN441,RWDD3-DT,1
ZN441,RWDD3,1
ZN441,PALMD,1
ZN441,AGL,1
ZN441,DBT,1
ZN441,DPH5-DT,1
ZN441,STXBP3,1
ZN441,SARS1,1
ZN441,CFAP276,1
ZN441,STRIP1,1
ZN441,LAMTOR5,1
ZN441,KCNC4-DT,1
ZN441,CD53,1
ZN441,CEPT1,1
ZN441,DENND2D,1
ZN441,DRAM2,1
ZN441,CHI3L2,1
ZN441,C1orf162,1
ZN441,WNT2B,1
ZN441,CAPZA1,1
ZN441,SLC16A1-AS1,1
ZN441,LRIG2,1
ZN441,LRIG2-DT,1
ZN441,PTPN22,1
ZN441,AP4B1,1
ZN441,BCAS2,1
ZN441,WARS2-AS1,1
ZN441,SEC22B,1
ZN441,NBPF15,1
ZN441,PDZK1,1
ZN441,ITGA10,1
ZN441,POLR3GL,1
ZN441,POLR3C,1
ZN441,FMO5,1
ZN441,LINC00624,1
ZN441,LINC01138,1
ZN441,NBPF11,1
ZN441,VPS45,1
ZN441,LINC02988,1
ZN441,ANP32E,1
ZN441,C1orf54,1
ZN441,MRPS21,1
ZN441,TARS2,1
ZN441,TNFAIP8L2,1
ZN441,C1orf56,1
ZN441,GABPB2,1
ZN441,SCNM1,1
ZN441,LYSMD1,1
ZN441,PSMD4,1
ZN441,PSMB4,1
ZN441,BNIPL,1
ZN441,SLC39A1,1
ZN441,LENEP,1
ZN441,SLC50A1,1
ZN441,KRTCAP2,1
ZN441,RUSC1-AS1,1
ZN441,FDPS,1
ZN441,ASH1L-AS1,1
ZN441,ARHGEF2-AS2,1
ZN441,LAMTOR2,1
ZN441,KHDC4,1
ZN441,GPATCH4,1
ZN441,METTL25B,1
ZN441,CD1A,1
ZN441,CD1C,1
ZN441,IFI16,1
ZN441,ATP1A2,1
ZN441,DCAF8-DT,1
ZN441,SLAMF6,1
ZN441,SLAMF1,1
ZN441,LY9,1
ZN441,TSTD1,1
ZN441,KLHDC9,1
ZN441,PPOX,1
ZN441,FCRLB,1
ZN441,FCGR2B,1
ZN441,HSD17B7,1
ZN441,MGST3,1
ZN441,ALDH9A1,1
ZN441,TMCO1-AS1,1
ZN441,DCAF6,1
ZN441,BLZF1,1
ZN441,SELL,1
ZN441,FMO4,1
ZN441,MYOCOS,1
ZN441,RABGAP1L,1
ZN441,RABGAP1L-AS1,1
ZN441,MRPS14,1
ZN441,KIAA0040,1
ZN441,C1orf220,1
ZN441,RALGPS2,1
ZN441,ANGPTL1,1
ZN441,MR1,1
ZN441,LINC01732,1
ZN441,TEDDM1,1
ZN441,RNASEL,1
ZN441,LAMC1-AS1,1
ZN441,TRMT1L,1
ZN441,PRG4,1
ZN441,PDC-AS1,1
ZN441,UTP25,1
ZN441,SYT2-AS1,1
ZN441,KLHL12,1
ZN441,TMEM81,1
ZN441,RBBP5,1
ZN441,LEMD1-AS1,1
ZN441,MFSD4A,1
ZN441,ELK4,1
ZN441,RAB29,1
ZN441,PIGR,1
ZN441,PFKFB2,1
ZN441,CR1L,1
ZN441,IL24,1
ZN441,FCMR,1
ZN441,C4BPA,1
ZN441,TRAF3IP3,1
ZN441,TRAF5,1
ZN441,LPGAT1-AS1,1
ZN441,LINC02608,1
ZN441,TATDN3,1
ZN441,SPATA45,1
ZN441,FLVCR1-DT,1
ZN441,LYPLAL1,1
ZN441,ANGEL2,1
ZN441,RAB3GAP2,1
ZN441,MARK1,1
ZN441,C1orf115,1
ZN441,MTARC2,1
ZN441,HHIPL2,1
ZN441,TAF1A-AS1,1
ZN441,AIDA,1
ZN441,BROX,1
ZN441,FAM177B,1
ZN441,DISP1,1
ZN441,DEGS1,1
ZN441,ENAH,1
ZN441,MIXL1,1
ZN441,ITPKB-IT1,1
ZN441,LINC02809,1
ZN441,C1orf131,1
ZN441,COA6-AS1,1
ZN441,ARID4B,1
ZN441,GGPS1,1
ZN441,TBCE,1
ZN441,RBM34,1
ZN441,KMO,1
ZN441,WDR64,1
ZN441,SDCCAG8,1
ZN441,AKT3-IT1,1
ZN441,SPMIP3,1
ZN441,CATSPERE,1
ZN441,CNST,1
ZN441,OR2T10,1
ZN441,PGBD2,1
ZN441,TUBB8,1
ZN441,DIP2C,1
ZN441,LINC00200,1
ZN441,IL2RA,1
ZN441,ITIH2,1
ZN441,CDC123,1
ZN441,CAMK1D,1
ZN441,DCLRE1C,1
ZN441,PTER,1
ZN441,RSU1,1
ZN441,COMMD3,1
ZN441,PIP4K2A,1
ZN441,THNSL1,1
ZN441,MTPAP,1
ZN441,LINC02664,1
ZN441,CCNY-AS1,1
ZN441,LINC01518,1
ZN441,ZNF485,1
ZN441,ARID5B,1
ZN441,HERC4,1
ZN441,AIFM2,1
ZN441,ASCC1,1
ZN441,ANAPC16,1
ZN441,DNAJC9-AS1,1
ZN441,CFAP70,1
ZN441,PPP3CB-AS1,1
ZN441,FUT11,1
ZN441,ADK,1
ZN441,GHITM,1
ZN441,STAMBPL1,1
ZN441,ACTA2,1
ZN441,IFIT1,1
ZN441,ACSM6,1
ZN441,BLNK,1
ZN441,EXOSC1,1
ZN441,CUTC,1
ZN441,ABCC2,1
ZN441,COX15,1
ZN441,BLOC1S2,1
ZN441,PKD2L1,1
ZN441,SLF2,1
ZN441,OGA,1
ZN441,KCNIP2,1
ZN441,ARMH3,1
ZN441,C10orf95-AS1,1
ZN441,CYP17A1,1
ZN441,STN1,1
ZN441,ADD3,1
ZN441,SHOC2,1
ZN441,ACSL5,1
ZN441,PDCD4-AS1,1
ZN441,PDCD4,1
ZN441,NHLRC2,1
ZN441,INPP5F,1
ZN441,LINC02930,1
ZN441,PLEKHA1,1
ZN441,LHPP,1
ZN441,ACADSB,1
ZN441,C10orf143,1
ZN441,LINC01165,1
ZN441,LRRC27,1
ZN441,PRAP1,1
ZN441,IFITM2,1
ZN441,TMEM80,1
ZN441,GATD1-DT,1
ZN441,TIMM10B,1
ZN441,STIM1,1
ZN441,TRIM22,1
ZN441,OLFML1,1
ZN441,CYB5R2,1
ZN441,TUB,1
ZN441,SWAP70,1
ZN441,SBF2-AS1,1
ZN441,ZNF143,1
ZN441,ZBED5,1
ZN441,ZBED5-AS1,1
ZN441,TPH1,1
ZN441,SAA1,1
ZN441,LDHAL6A,1
ZN441,MISFA,1
ZN441,IGSF22,1
ZN441,HTATIP2,1
ZN441,GAS2,1
ZN441,BDNF-AS,1
ZN441,LINC00678,1
ZN441,ARL14EP,1
ZN441,IMMP1L,1
ZN441,HSD17B12,1
ZN441,TTC17,1
ZN441,HARBI1,1
ZN441,RAPSN,1
ZN441,AGBL2,1
ZN441,NUP160,1
ZN441,TIMM10,1
ZN441,UBE2L6,1
ZN441,LPXN,1
ZN441,GLYATL1,1
ZN441,GLYATL1B,1
ZN441,FAM111A-DT,1
ZN441,LINC02739,1
ZN441,TMEM216,1
ZN441,LBHD1,1
ZN441,GNG3,1
ZN441,CSKMT,1
ZN441,BSCL2,1
ZN441,TMEM179B,1
ZN441,POLR2G,1
ZN441,TRMT112,1
ZN441,GPHA2,1
ZN441,MAJIN,1
ZN441,BATF2,1
ZN441,NAALADL1,1
ZN441,SYVN1,1
ZN441,SLC25A45,1
ZN441,ZNRD2-DT,1
ZN441,RELA-DT,1
ZN441,BBS1,1
ZN441,RBM4B,1
ZN441,RBM4,1
ZN441,POLD4,1
ZN441,CABP4,1
ZN441,TMEM134,1
ZN441,CARNS1,1
ZN441,GPR152,1
ZN441,RAD9A,1
ZN441,CCND1,1
ZN441,CTTN-DT,1
ZN441,KRTAP5-8,1
ZN441,KRTAP5-9,1
ZN441,XNDC1N,1
ZN441,PDE2A-AS2,1
ZN441,FCHSD2,1
ZN441,MAP6,1
ZN441,UVRAG,1
ZN441,AQP11,1
ZN441,INTS4,1
ZN441,KCTD21,1
ZN441,LINC02734,1
ZN441,RAB30,1
ZN441,RAB30-DT,1
ZN441,LINC02951,1
ZN441,TMEM126B,1
ZN441,ANKRD49,1
ZN441,GPR83,1
ZN441,CWC15,1
ZN441,LNCRNA-IUR,1
ZN441,CCDC82,1
ZN441,BIRC3,1
ZN441,TMEM123-DT,1
ZN441,SLC35F2,1
ZN441,C11orf65,1
ZN441,EXPH5,1
ZN441,FDXACB1,1
ZN441,SDHD,1
ZN441,BCO2,1
ZN441,LINC02762,1
ZN441,LINC02763,1
ZN441,TTC12,1
ZN441,TTC12-DT,1
ZN441,PAFAH1B2,1
ZN441,BACE1-AS,1
ZN441,FXYD2,1
ZN441,ATP5MG,1
ZN441,CXCR5,1
ZN441,TRAPPC4,1
ZN441,VPS11-DT,1
ZN441,SORL1-AS1,1
ZN441,JHY,1
ZN441,CLMP,1
ZN441,MSANTD2-AS1,1
ZN441,CCDC15-DT,1
ZN441,ST14,1
ZN441,RAD52,1
ZN441,DCP1B,1
ZN441,CD27-AS1,1
ZN441,TAPBPL,1
ZN441,LPAR5,1
ZN441,MRPL51,1
ZN441,EMG1,1
ZN441,M6PR,1
ZN441,CLEC2D,1
ZN441,LINC02390,1
ZN441,ATF7IP,1
ZN441,C12orf60,1
ZN441,GUCY2C,1
ZN441,ERP27,1
ZN441,THAP2,1
ZN441,RECQL,1
ZN441,SPX,1
ZN441,ETNK1,1
ZN441,ETFRF1,1
ZN441,DNAI7,1
ZN441,CAPRIN2,1
ZN441,AK4P3,1
ZN441,ETFBKMT,1
ZN441,AMN1,1
ZN441,H3-5,1
ZN441,LINC02422,1
ZN441,RESF1,1
ZN441,ZCRB1,1
ZN441,TMEM117,1
ZN441,SCAF11,1
ZN441,RPAP3,1
ZN441,RPAP3-DT,1
ZN441,TMBIM6,1
ZN441,BCDIN3D,1
ZN441,ATF1,1
ZN441,TMPRSS12,1
ZN441,DAZAP2,1
ZN441,SMAGP,1
ZN441,PRR13,1
ZN441,HOXC4,1
ZN441,GTSF1,1
ZN441,RDH5,1
ZN441,ORMDL2,1
ZN441,GLS2,1
ZN441,BLOC1S1,1
ZN441,PAN2,1
ZN441,STAT2,1
ZN441,HEATR5A-DT,1
ZN441,RDH16,1
ZN441,R3HDM2,1
ZN441,STAT6,1
ZN441,NXPH4,1
ZN441,INHBE,1
ZN441,ARHGAP9,1
ZN441,PIP4K2C,1
ZN441,TSPAN31,1
ZN441,AVIL,1
ZN441,RASSF3,1
ZN441,TMBIM4,1
ZN441,LINC02421,1
ZN441,IFNG-AS1,1
ZN441,IFNG,1
ZN441,IL26,1
ZN441,IL22,1
ZN441,NUP107-DT,1
ZN441,TMEM19,1
ZN441,PPP1R12A,1
ZN441,PAWR,1
ZN441,POC1B,1
ZN441,GALNT4,1
ZN441,TMTC3,1
ZN441,LINC02404,1
ZN441,NDUFA12,1
ZN441,LTA4H,1
ZN441,LINC02453,1
ZN441,ANKS1B,1
ZN441,ACTR6,1
ZN441,SYCP3,1
ZN441,WASHC3,1
ZN441,C12orf42,1
ZN441,NT5DC3,1
ZN441,TCP11L2,1
ZN441,MTERF2,1
ZN441,PWP1,1
ZN441,PRDM4,1
ZN441,ISCU,1
ZN441,USP30-AS1,1
ZN441,MVK,1
ZN441,GIT2,1
ZN441,C12orf76,1
ZN441,VPS29,1
ZN441,TCTN1,1
ZN441,ANKRD13A,1
ZN441,ARPC3,1
ZN441,HVCN1,1
ZN441,OAS1,1
ZN441,OAS2,1
ZN441,RBM19,1
ZN441,TESC-AS1,1
ZN441,FBXO21,1
ZN441,POP5,1
ZN441,RNF34,1
ZN441,KDM2B-DT,1
ZN441,VPS33A,1
ZN441,TMED2-DT,1
ZN441,SNRNP35,1
ZN441,TCTN2,1
ZN441,DNAH10,1
ZN441,DNAH10OS,1
ZN441,PUS1-AS1,1
ZN441,GOLGA3,1
ZN441,ZNF26,1
ZN441,ZNF382,1
ZN441,TPTE2,1
ZN441,PSPC1-AS2,1
ZN441,PCOTH,1
ZN441,C1QTNF9B,1
ZN441,SPATA13-AS1,1
ZN441,MIPEP,1
ZN441,LINC02340,1
ZN441,LINC00412,1
ZN441,PAN3,1
ZN441,LINC00384,1
ZN441,LINC01058,1
ZN441,ALOX5AP,1
ZN441,LINC00398,1
ZN441,LINC00545,1
ZN441,N4BP2L1,1
ZN441,N4BP2L2,1
ZN441,SMAD9,1
ZN441,EXOSC8,1
ZN441,NHLRC3,1
ZN441,MRPS31,1
ZN441,COG6,1
ZN441,KBTBD6-DT,1
ZN441,MTRF1,1
ZN441,TPT1-AS1,1
ZN441,LRCH1,1
ZN441,LINC00562,1
ZN441,CAB39L,1
ZN441,PHF11,1
ZN441,SETDB2,1
ZN441,SPRYD7,1
ZN441,TRIM13,1
ZN441,KCNRG,1
ZN441,SERPINE3,1
ZN441,INTS6-AS1,1
ZN441,CKAP2-DT,1
ZN441,DHRS12,1
ZN441,SUGT1-DT,1
ZN441,LMO7-AS1,1
ZN441,LMO7,1
ZN441,RBM26-AS1,1
ZN441,MIR17HG,1
ZN441,GPC5,1
ZN441,GPR183,1
ZN441,CLYBL,1
ZN441,CLYBL-AS2,1
ZN441,METTL21EP,1
ZN441,ANKRD10,1
ZN441,TEX29,1
ZN441,GAS6-AS1,1
ZN441,LINC03058,1
ZN441,TOX4,1
ZN441,TTC5,1
ZN441,RNASE6,1
ZN441,METTL17,1
ZN441,METTL3,1
ZN441,LINC02332,1
ZN441,OXA1L-DT,1
ZN441,C14orf119,1
ZN441,MDP1,1
ZN441,NEDD8,1
ZN441,DHRS1,1
ZN441,CBLN3,1
ZN441,PSME2,1
ZN441,TINF2,1
ZN441,SDR39U1,1
ZN441,GZMB,1
ZN441,STRN3,1
ZN441,AKAP6,1
ZN441,PRPF39,1
ZN441,KLHDC1,1
ZN441,LINC01588,1
ZN441,VCPKMT,1
ZN441,DMAC2L,1
ZN441,CDKL1,1
ZN441,DDHD1-DT,1
ZN441,GMFB,1
ZN441,SAMD4A-AS1,1
ZN441,AP5M1,1
ZN441,ACTR10,1
ZN441,PSMA3-AS1,1
ZN441,L3HYPDH,1
ZN441,DAAM1,1
ZN441,JKAMP,1
ZN441,DHRS7,1
ZN441,ZBTB25,1
ZN441,LINC02324,1
ZN441,ADAM21,1
ZN441,TTC9-DT,1
ZN441,MAP3K9,1
ZN441,MAP3K9-DT,1
ZN441,ADAM20,1
ZN441,TTC9,1
ZN441,DCAF4,1
ZN441,HEATR4,1
ZN441,MIDEAS,1
ZN441,ISCA2,1
ZN441,ZC2HC1C,1
ZN441,NEK9,1
ZN441,BATF,1
ZN441,IFT43,1
ZN441,SLIRP,1
ZN441,SNW1,1
ZN441,GPR65,1
ZN441,CALM1,1
ZN441,RPS6KA5,1
ZN441,FBLN5,1
ZN441,DICER1-AS1,1
ZN441,GSKIP,1
ZN441,DEGS2,1
ZN441,PPP2R5C,1
ZN441,COA8,1
ZN441,COPDA1,1
ZN441,NIPA1,1
ZN441,SNRPN,1
ZN441,LINC02250,1
ZN441,LINC03034,1
ZN441,LINC02352,1
ZN441,NOP10,1
ZN441,EMC4,1
ZN441,NANOGP8,1
ZN441,DPH6,1
ZN441,SRP14-DT,1
ZN441,CCDC9B,1
ZN441,CCDC32,1
ZN441,DISP2,1
ZN441,RAD51-AS1,1
ZN441,PPP1R14D,1
ZN441,SPINT1-AS1,1
ZN441,CHP1,1
ZN441,NDUFAF1,1
ZN441,GANC,1
ZN441,CAPN3,1
ZN441,SNAP23,1
ZN441,CCNDBP1,1
ZN441,CATSPER2,1
ZN441,EIF3J-DT,1
ZN441,PATL2,1
ZN441,DUOX1,1
ZN441,SPG11,1
ZN441,B2M,1
ZN441,TRIM69,1
ZN441,GATM,1
ZN441,SLC30A4,1
ZN441,USP8,1
ZN441,GABPB1-AS1,1
ZN441,GNB5,1
ZN441,CERNA1,1
ZN441,ATOSA,1
ZN441,MINDY2-DT,1
ZN441,RNF111,1
ZN441,SNX22,1
ZN441,CIAO2A,1
ZN441,MTFMT,1
ZN441,DPP8,1
ZN441,DENND4A,1
ZN441,SNAPC5,1
ZN441,LCTL,1
ZN441,MAP2K5-DT,1
ZN441,LINC02896,1
ZN441,HEXA,1
ZN441,BBS4,1
ZN441,ADPGK,1
ZN441,SEMA7A,1
ZN441,CSK,1
ZN441,SCAPER,1
ZN441,TSPAN3,1
ZN441,HMG20A,1
ZN441,CTSH,1
ZN441,RASGRF1,1
ZN441,ST20,1
ZN441,LINC01583,1
ZN441,SAXO2,1
ZN441,GOLGA6L10,1
ZN441,GOLGA6L9,1
ZN441,SNHG21,1
ZN441,C15orf40,1
ZN441,ISG20,1
ZN441,GDPGP1,1
ZN441,SEMA4B,1
ZN441,CRTC3-AS1,1
ZN441,HDDC3,1
ZN441,LINC02244,1
ZN441,TARS3,1
ZN441,WASIR2,1
ZN441,BAIAP3,1
ZN441,CCDC154,1
ZN441,ZNF213-AS1,1
ZN441,ZNF75A,1
ZN441,LINC02861,1
ZN441,TMEM186,1
ZN441,USP7-AS1,1
ZN441,NUBP1,1
ZN441,DEXI,1
ZN441,CIITA,1
ZN441,SNX29,1
ZN441,PARN,1
ZN441,MARF1,1
ZN441,SYT17,1
ZN441,NPIPB3,1
ZN441,POLR3E,1
ZN441,SLC5A11,1
ZN441,LCMT1-AS1,1
ZN441,IL4R,1
ZN441,IL21R-AS1,1
ZN441,IL21R,1
ZN441,NPIPB7,1
ZN441,NPIPB8,1
ZN441,NPIPB11,1
ZN441,NPIPB12,1
ZN441,C16orf54,1
ZN441,YPEL3-DT,1
ZN441,ZNF747-DT,1
ZN441,RUSF1-DT,1
ZN441,KRBOX5,1
ZN441,DNAJA2-DT,1
ZN441,GPT2,1
ZN441,ITFG1-AS1,1
ZN441,LONP2,1
ZN441,SNX20,1
ZN441,CYLD-AS1,1
ZN441,BBS2,1
ZN441,SLC12A3,1
ZN441,CNOT1,1
ZN441,SETD6,1
ZN441,CIAO2B,1
ZN441,TRADD,1
ZN441,ATP6V0D1-DT,1
ZN441,DUS2,1
ZN441,DPEP2,1
ZN441,ESRP2,1
ZN441,ZNF19,1
ZN441,ZNF23,1
ZN441,TAT-AS1,1
ZN441,PHLPP2,1
ZN441,IST1,1
ZN441,GLG1,1
ZN441,CHST6,1
ZN441,CPHXL2,1
ZN441,DUXB,1
ZN441,NUDT7,1
ZN441,PLCG2,1
ZN441,CDH13-AS2,1
ZN441,HSDL1,1
ZN441,ATP2C2,1
ZN441,IRF8,1
ZN441,C16orf95-DT,1
ZN441,MC1R,1
ZN441,DEF8,1
ZN441,GAS8,1
ZN441,PAFAH1B1,1
ZN441,P2RX5-TAX1BP3,1
ZN441,P2RX5,1
ZN441,ITGAE,1
ZN441,TRPV3,1
ZN441,ANKFY1,1
ZN441,UBE2G1,1
ZN441,MED11,1
ZN441,SPAG7,1
ZN441,ZFP3,1
ZN441,ZNF232-AS1,1
ZN441,USP6,1
ZN441,ZNF594,1
ZN441,ZNF594-DT,1
ZN441,SCIMP,1
ZN441,SLC52A1,1
ZN441,ZNF232,1
ZN441,RABEP1,1
ZN441,RPAIN,1
ZN441,DERL2,1
ZN441,MED31,1
ZN441,C17orf100,1
ZN441,SLC13A5,1
ZN441,ALOX12-AS1,1
ZN441,XAF1,1
ZN441,GABARAP,1
ZN441,CD68,1
ZN441,TRAPPC1,1
ZN441,LINC00324,1
ZN441,TMEM107,1
ZN441,ADPRM,1
ZN441,ARHGAP44,1
ZN441,COX10,1
ZN441,ZNF286A,1
ZN441,NCOR1,1
ZN441,ZNF624,1
ZN441,MPRIP-AS1,1
ZN441,FLCN,1
ZN441,SMCR5,1
ZN441,LGALS9C,1
ZN441,TVP23B,1
ZN441,PRPSAP2,1
ZN441,GRAPL,1
ZN441,AKAP10,1
ZN441,CCDC144NL-AS1,1
ZN441,LINC02693,1
ZN441,LYRM9,1
ZN441,RPL23A,1
ZN441,ZNF559,1
ZN441,CRLF3,1
ZN441,TEFM,1
ZN441,UTP6,1
ZN441,CDK5R1,1
ZN441,SNHG30,1
ZN441,SYNRG,1
ZN441,IKZF3,1
ZN441,ZPBP2,1
ZN441,GSDMB,1
ZN441,MIEN1,1
ZN441,CCR7,1
ZN441,SMARCE1,1
ZN441,KRTAP4-12,1
ZN441,KLHL10,1
ZN441,KCNH4,1
ZN441,COA3,1
ZN441,BECN1,1
ZN441,NBR2,1
ZN441,CCDC200,1
ZN441,LINC00910,1
ZN441,ARL4D,1
ZN441,ATXN7L3-AS1,1
ZN441,ASB16,1
ZN441,ASB16-AS1,1
ZN441,HEXIM2-AS1,1
ZN441,NSF,1
ZN441,WNT3,1
ZN441,ITGB3,1
ZN441,EFCAB13-DT,1
ZN441,CDK5RAP3,1
ZN441,NFE2L1-DT,1
ZN441,SKAP1-AS2,1
ZN441,CALCOCO2,1
ZN441,ATP5MC1,1
ZN441,GNGT2,1
ZN441,SPOP,1
ZN441,SGCA,1
ZN441,ANKRD40,1
ZN441,LUC7L3,1
ZN441,CHAD,1
ZN441,MIR142HG,1
ZN441,MTMR4,1
ZN441,SUPT4H1,1
ZN441,SEPTIN4-AS1,1
ZN441,TUBD1,1
ZN441,RNFT1,1
ZN441,HEATR6-DT,1
ZN441,ICAM2,1
ZN441,GH1,1
ZN441,POLG2,1
ZN441,AMZ2,1
ZN441,PRKAR1A,1
ZN441,SDK2,1
ZN441,GRB2,1
ZN441,AANAT,1
ZN441,METTL23,1
ZN441,SNHG20,1
ZN441,SYNGR2,1
ZN441,LINC01978,1
ZN441,TSPAN10,1
ZN441,ARL16,1
ZN441,HEXD-IT1,1
ZN441,METTL4,1
ZN441,MYOM1,1
ZN441,MYL12A,1
ZN441,DLGAP1-AS1,1
ZN441,LINC00526,1
ZN441,LINC00667,1
ZN441,FAM210A,1
ZN441,TMEM241,1
ZN441,RMC1,1
ZN441,LINC02958,1
ZN441,TTC39C,1
ZN441,CABYR,1
ZN441,PSMA8,1
ZN441,LINC01543,1
ZN441,ZNF397,1
ZN441,ELP2,1
ZN441,RPRD1A,1
ZN441,SETBP1,1
ZN441,HDHD2,1
ZN441,ATP8B1-AS1,1
ZN441,ATP8B1,1
ZN441,ZNF532,1
ZN441,VPS4B,1
ZN441,CCDC102B,1
ZN441,ZNF236-DT,1
ZN441,NFATC1,1
ZN441,LINC03101,1
ZN441,MADCAM1,1
ZN441,MADCAM1-AS1,1
ZN441,ABCA7,1
ZN441,UQCR11,1
ZN441,LSM7,1
ZN441,MOB3A,1
ZN441,DIRAS1,1
ZN441,ZNF57,1
ZN441,ZNF77,1
ZN441,EBI3,1
ZN441,MICOS13,1
ZN441,CD70,1
ZN441,ZNF557,1
ZN441,ARHGEF18-AS1,1
ZN441,FCER2,1
ZN441,PCP2,1
ZN441,CERS4,1
ZN441,ZNF266,1
ZN441,ZNF559-ZNF177,1
ZN441,ZNF846,1
ZN441,UBL5,1
ZN441,ANGPTL6,1
ZN441,S1PR2,1
ZN441,DOCK6-AS1,1
ZN441,SWSAP1,1
ZN441,RGL3,1
ZN441,TMEM205,1
ZN441,CNN1,1
ZN441,ZNF439,1
ZN441,ZNF763,1
ZN441,ZNF700,1
ZN441,LINC02926,1
ZN441,PRDX2,1
ZN441,ZNF563,1
ZN441,ZNF442,1
ZN441,ZNF44,1
ZN441,ZNF490,1
ZN441,ZNF791,1
ZN441,ZNF709,1
ZN441,FARSA-AS1,1
ZN441,SLC1A6,1
ZN441,EPS15L1,1
ZN441,BISPR,1
ZN441,MAST3,1
ZN441,KXD1,1
ZN441,SLC25A42,1
ZN441,LINC00663,1
ZN441,ZNF506,1
ZN441,ZNF737,1
ZN441,ZNF430,1
ZN441,ZNF493,1
ZN441,ZNF429,1
ZN441,ZNF208,1
ZN441,POP4,1
ZN441,NUDT19,1
ZN441,GPATCH1,1
ZN441,RHPN2,1
ZN441,ZNF302,1
ZN441,ZNF181,1
ZN441,LINC02965,1
ZN441,ZNF30,1
ZN441,FAM187B,1
ZN441,CD22,1
ZN441,PSENEN,1
ZN441,LIN37,1
ZN441,IGFLR1,1
ZN441,ZBTB32,1
ZN441,POLR2I,1
ZN441,ZFP14,1
ZN441,ZNF529-AS1,1
ZN441,ZNF567-DT,1
ZN441,ZNF790-AS1,1
ZN441,ZNF345,1
ZN441,ZNF829,1
ZN441,ZNF568,1
ZN441,ZNF420,1
ZN441,ZNF585A,1
ZN441,ZFP82,1
ZN441,ZNF383,1
ZN441,ZNF585B,1
ZN441,LINC01535,1
ZN441,ZNF540,1
ZN441,ZNF571,1
ZN441,ZNF573,1
ZN441,ZNF528,1
ZN441,ZNF548,1
ZN441,SIPA1L3,1
ZN441,MAP4K1-AS1,1
ZN441,CAPN12,1
ZN441,RINL,1
ZN441,GMFG,1
ZN441,RPS19,1
ZN441,ZNF546,1
ZN441,RAB4B,1
ZN441,LINC01480,1
ZN441,CEACAM21,1
ZN441,LNROP,1
ZN441,POU2F2,1
ZN441,POU2F2-AS2,1
ZN441,CNFN,1
ZN441,KCNN4,1
ZN441,ZNF404,1
ZN441,ZNF155,1
ZN441,ZNF284,1
ZN441,ZNF224,1
ZN441,ZNF234,1
ZN441,ZNF226,1
ZN441,ZNF227,1
ZN441,ZNF233,1
ZN441,ZNF230,1
ZN441,ZNF285,1
ZN441,TRAPPC6A,1
ZN441,BLOC1S3,1
ZN441,GEMIN7,1
ZN441,SNRPD2,1
ZN441,AP2S1,1
ZN441,ZC3H4,1
ZN441,CARD8,1
ZN441,CARD8-AS1,1
ZN441,ZNF114-AS1,1
ZN441,DKKL1,1
ZN441,SLC6A16,1
ZN441,TEAD2,1
ZN441,CD37,1
ZN441,KLK4,1
ZN441,ZNF175,1
ZN441,SIGLEC6,1
ZN441,SIGLEC5,1
ZN441,SIGLEC14,1
ZN441,SPACA6,1
ZN441,ZNF836,1
ZN441,ZNF766,1
ZN441,ZNF480,1
ZN441,ZNF880,1
ZN441,ZNF528-AS1,1
ZN441,ZNF578,1
ZN441,ZNF701,1
ZN441,ZNF83,1
ZN441,ZNF611,1
ZN441,ZNF600,1
ZN441,ZNF28,1
ZN441,ZNF468,1
ZN441,ZNF888-AS1,1
ZN441,ZNF816,1
ZN441,ZNF160,1
ZN441,ZNF415,1
ZN441,ZNF677,1
ZN441,ZNF761,1
ZN441,LENG8-AS1,1
ZN441,LILRB1,1
ZN441,LILRB1-AS1,1
ZN441,KIR2DL4,1
ZN441,NLRP9,1
ZN441,RFPL4A,1
ZN441,ZNF582,1
ZN441,ZNF582-DT,1
ZN441,ZNF583,1
ZN441,ZNF667-AS1,1
ZN441,ZNF470-DT,1
ZN441,ZNF835,1
ZN441,AURKC,1
ZN441,ZNF460-AS1,1
ZN441,ZNF547,1
ZN441,TRAPPC2B,1
ZN441,VN1R1,1
ZN441,ZNF419,1
ZN441,ZNF549,1
ZN441,ZNF814,1
ZN441,ZNF154,1
ZN441,ZNF418,1
ZN441,C19orf18,1
ZN441,ZNF606,1
ZN441,ZNF606-AS1,1
ZN441,ZNF211,1
ZN441,ZNF8-DT,1
ZN441,TMEM18,1
ZN441,ACP1,1
ZN441,RNASEH1-DT,1
ZN441,SLC66A3,1
ZN441,RN7SL832P,1
ZN441,SMC6,1
ZN441,TTC32,1
ZN441,WDR35,1
ZN441,GDF7,1
ZN441,PTRHD1,1
ZN441,ITSN2,1
ZN441,OST4,1
ZN441,ATRAID,1
ZN441,MPV17,1
ZN441,ZNF512,1
ZN441,PPP1CB,1
ZN441,WDR43,1
ZN441,LCLAT1,1
ZN441,DPY30,1
ZN441,YIPF4,1
ZN441,HEATR5B,1
ZN441,GPATCH11,1
ZN441,RMDN2,1
ZN441,EML4-AS1,1
ZN441,EML4,1
ZN441,MTA3,1
ZN441,LINC01118,1
ZN441,PPP1R21,1
ZN441,CLHC1,1
ZN441,MIR4432HG,1
ZN441,BCL11A,1
ZN441,PUS10,1
ZN441,C2orf74,1
ZN441,USP34-DT,1
ZN441,C2orf74-DT,1
ZN441,COMMD1,1
ZN441,LINC01800,1
ZN441,LINC02245,1
ZN441,LINC01890,1
ZN441,LINC01888,1
ZN441,PCBP1-AS1,1
ZN441,C2orf42,1
ZN441,SNRPG,1
ZN441,NAGK,1
ZN441,PAIP2B,1
ZN441,MCEE,1
ZN441,STAMBP,1
ZN441,DGUOK,1
ZN441,DUSP11,1
ZN441,SLC4A5,1
ZN441,WDR54,1
ZN441,PCGF1,1
ZN441,DQX1,1
ZN441,LINC01964,1
ZN441,RNF181,1
ZN441,SH2D6,1
ZN441,C2orf68,1
ZN441,PTCD3,1
ZN441,ST3GAL5-AS1,1
ZN441,REEP1,1
ZN441,RGPD2,1
ZN441,KRCC1,1
ZN441,EIF2AK3-DT,1
ZN441,ZNF514,1
ZN441,ZNF2,1
ZN441,ANKRD36,1
ZN441,COX5B,1
ZN441,C2orf15,1
ZN441,COA5,1
ZN441,UNC50,1
ZN441,TSGA10,1
ZN441,LIPT1,1
ZN441,MITD1,1
ZN441,LYG2,1
ZN441,AFF3,1
ZN441,MRPS9,1
ZN441,MRPS9-AS1,1
ZN441,LINC01918,1
ZN441,GCC2,1
ZN441,ZC3H8,1
ZN441,PAX8-AS1,1
ZN441,LINC02966,1
ZN441,LINC02936,1
ZN441,ACTR3-AS1,1
ZN441,FOXD4L1,1
ZN441,LINC01191,1
ZN441,INSIG2,1
ZN441,MAP3K2-DT,1
ZN441,CCDC115,1
ZN441,CCNT2-AS1,1
ZN441,MGAT5,1
ZN441,ACMSD,1
ZN441,DARS1,1
ZN441,DARS1-AS1,1
ZN441,CXCR4,1
ZN441,KIF5C-AS1,1
ZN441,LYPD6B,1
ZN441,NEB,1
ZN441,LY75,1
ZN441,TANK,1
ZN441,COBLL1,1
ZN441,SLC38A11,1
ZN441,KLHL41,1
ZN441,PHOSPHO2,1
ZN441,TLK1,1
ZN441,METTL8,1
ZN441,PRKRA,1
ZN441,TTN-AS1,1
ZN441,TTN,1
ZN441,DNAJC10,1
ZN441,CWC22,1
ZN441,ANKAR,1
ZN441,OSGEPL1,1
ZN441,OSGEPL1-AS1,1
ZN441,ORMDL1,1
ZN441,HIBCH,1
ZN441,LINC01825,1
ZN441,ANKRD44,1
ZN441,ANKRD44-IT1,1
ZN441,RFTN2,1
ZN441,PPIL3,1
ZN441,ORC2,1
ZN441,NDUFB3,1
ZN441,CYP20A1,1
ZN441,FAM117B,1
ZN441,CREB1,1
ZN441,METTL21A,1
ZN441,LINC01857,1
ZN441,MYOSLID,1
ZN441,KANSL1L-AS1,1
ZN441,LANCL1-AS1,1
ZN441,SPAG16,1
ZN441,ARPC2,1
ZN441,CNOT9,1
ZN441,PNKD,1
ZN441,SLC23A3,1
ZN441,WNT6,1
ZN441,DOCK10,1
ZN441,RHBDD1,1
ZN441,SP100,1
ZN441,SP140,1
ZN441,SP140L,1
ZN441,GPR55,1
ZN441,B3GNT7,1
ZN441,HDAC4-AS1,1
ZN441,MTERF4,1
ZN441,ANO7,1
ZN441,FARP2,1
ZN441,LINC03100,1
ZN441,PCMTD2,1
ZN441,TRIM7-AS1,1
ZN441,TMC2,1
ZN441,SPEF1,1
ZN441,TMEM230,1
ZN441,SHLD1,1
ZN441,ANKEF1,1
ZN441,SLX4IP,1
ZN441,TASP1,1
ZN441,MGME1,1
ZN441,PET117,1
ZN441,KAT14,1
ZN441,DZANK1,1
ZN441,SMIM26,1
ZN441,DTD1,1
ZN441,LINC00652,1
ZN441,LCDR,1
ZN441,KIZ-AS1,1
ZN441,BCL2L1-AS1,1
ZN441,KIF3B,1
ZN441,CBFA2T2,1
ZN441,ITCH-IT1,1
ZN441,UQCC1,1
ZN441,EIF6,1
ZN441,CPNE1,1
ZN441,NFS1,1
ZN441,PHF20,1
ZN441,BLCAP,1
ZN441,LPIN3,1
ZN441,SRSF6,1
ZN441,GTSF1L,1
ZN441,OSER1-DT,1
ZN441,PSMB8-AS1,1
ZN441,PSMB9,1
ZN441,TTPAL,1
ZN441,PKIG,1
ZN441,CD40,1
ZN441,LINC01754,1
ZN441,LINC01522,1
ZN441,TRERNA1,1
ZN441,PARD6B,1
ZN441,ADNP,1
ZN441,BCAS4,1
ZN441,KCNG1,1
ZN441,PRELID3B,1
ZN441,LAMA5,1
ZN441,SLCO4A1-AS2,1
ZN441,DIDO1,1
ZN441,FNDC11,1
ZN441,MHENCR,1
ZN441,C21orf91-OT1,1
ZN441,MIR155HG,1
ZN441,ATP5PF,1
ZN441,APP-DT,1
ZN441,N6AMT1,1
ZN441,RWDD2B,1
ZN441,MAP3K7CL,1
ZN441,CFAP298,1
ZN441,C21orf62-AS1,1
ZN441,URB1-AS1,1
ZN441,IFNAR1,1
ZN441,CRYZL1,1
ZN441,TMEM50B,1
ZN441,CBR1,1
ZN441,CBR3,1
ZN441,DOP1B,1
ZN441,HLCS-AS1,1
ZN441,PIGP,1
ZN441,BRWD1-IT1,1
ZN441,BACE2,1
ZN441,MX2,1
ZN441,MX1,1
ZN441,SLC37A1,1
ZN441,NDUFV3,1
ZN441,PKNOX1,1
ZN441,HSF2BP,1
ZN441,GATD3,1
ZN441,ITGB2-AS1,1
ZN441,MICAL3,1
ZN441,DGCR5,1
ZN441,LINC01311,1
ZN441,MRPL40,1
ZN441,THAP7-AS1,1
ZN441,ZNF280B,1
ZN441,RAB36,1
ZN441,SLC2A11,1
ZN441,TFIP11-DT,1
ZN441,MIATNB,1
ZN441,HSCB,1
ZN441,NF2,1
ZN441,UQCR10,1
ZN441,GAL3ST1,1
ZN441,DUSP18,1
ZN441,PISD,1
ZN441,DEPDC5,1
ZN441,RFPL3,1
ZN441,SYN3,1
ZN441,SYN3-AS1,1
ZN441,LARGE-IT1,1
ZN441,LARGE-AS1,1
ZN441,APOL2,1
ZN441,TPTEP2-CSNK1E,1
ZN441,APOBEC3C,1
ZN441,APOBEC3F,1
ZN441,APOBEC3G,1
ZN441,TNRC6B,1
ZN441,SGSM3-AS1,1
ZN441,RBX1,1
ZN441,MEI1,1
ZN441,TNFRSF13C,1
ZN441,WBP2NL,1
ZN441,SHISA8,1
ZN441,EFCAB6-DT,1
ZN441,PRR34-AS1,1
ZN441,PKDREJ,1
ZN441,CELSR1,1
ZN441,CHL1-AS2,1
ZN441,CHL1,1
ZN441,CHL1-AS1,1
ZN441,ITPR1,1
ZN441,FANCD2,1
ZN441,THUMPD3-AS1,1
ZN441,LHFPL4,1
ZN441,ARPC4,1
ZN441,CIDEC,1
ZN441,FANCD2OS,1
ZN441,IRAK2,1
ZN441,GHRLOS,1
ZN441,CCDC174,1
ZN441,XPC,1
ZN441,LSM3,1
ZN441,KCNH8,1
ZN441,EFHB,1
ZN441,SGO1-AS1,1
ZN441,THRB,1
ZN441,OSBPL10,1
ZN441,OSBPL10-AS1,1
ZN441,ZNF860,1
ZN441,LINC01811,1
ZN441,EXOG,1
ZN441,ENTPD3-AS1,1
ZN441,TRAK1,1
ZN441,SS18L2,1
ZN441,ZNF852,1
ZN441,EXOSC7,1
ZN441,TMEM42,1
ZN441,CCDC12,1
ZN441,PRKAR2A-AS1,1
ZN441,SLC25A20,1
ZN441,TCTA,1
ZN441,AMT,1
ZN441,RBM6,1
ZN441,CYB561D2,1
ZN441,RBM5,1
ZN441,TWF2-DT,1
ZN441,ASB14,1
ZN441,DNAH12,1
ZN441,ARF4-AS1,1
ZN441,PDHB,1
ZN441,SUCLG2-DT,1
ZN441,ARL6IP5,1
ZN441,UBA3,1
ZN441,LMOD3,1
ZN441,FOXP1,1
ZN441,FOXP1-AS1,1
ZN441,LINC02018,1
ZN441,LINC00960,1
ZN441,ZNF717,1
ZN441,DHFR2,1
ZN441,ARL6,1
ZN441,OR5K2,1
ZN441,CLDND1,1
ZN441,NIT2,1
ZN441,SENP7,1
ZN441,DZIP3,1
ZN441,CD47,1
ZN441,IFT57,1
ZN441,ABHD10,1
ZN441,CD200R1,1
ZN441,NEPRO-AS1,1
ZN441,LINC02044,1
ZN441,BOC,1
ZN441,CFAP44,1
ZN441,SIDT1-AS1,1
ZN441,GRAMD1C,1
ZN441,ZDHHC23,1
ZN441,POGLUT1,1
ZN441,CEP63,1
ZN441,POPDC2,1
ZN441,CD80,1
ZN441,ADPRH,1
ZN441,FAM162A,1
ZN441,HCLS1,1
ZN441,IQCB1,1
ZN441,EAF2,1
ZN441,PARP15,1
ZN441,WDR5B,1
ZN441,KPNA1,1
ZN441,PARP14,1
ZN441,SEC22A,1
ZN441,MYLK-AS1,1
ZN441,LINC02614,1
ZN441,MBD4,1
ZN441,ASTE1,1
ZN441,ACAD11,1
ZN441,ANAPC13,1
ZN441,COPB2-DT,1
ZN441,RASA2-IT1,1
ZN441,PLSCR2,1
ZN441,HPS3,1
ZN441,CP,1
ZN441,LINC02917,1
ZN441,LINC00886,1
ZN441,IFT80,1
ZN441,TRIM59,1
ZN441,IL12A,1
ZN441,PDCD10,1
ZN441,SERPINI1,1
ZN441,PHC3,1
ZN441,SKIL,1
ZN441,CLDN11,1
ZN441,MFN1,1
ZN441,NDUFB5,1
ZN441,TTC14,1
ZN441,PEX5L,1
ZN441,DNAJC19,1
ZN441,KLHL6-AS1,1
ZN441,MAP3K13,1
ZN441,LIPH,1
ZN441,ST6GAL1,1
ZN441,HRG-AS1,1
ZN441,LINC02043,1
ZN441,LPP-AS2,1
ZN441,LPP,1
ZN441,OSTN-AS1,1
ZN441,UTS2B,1
ZN441,CCDC50,1
ZN441,LINC02924,1
ZN441,TMEM44-AS1,1
ZN441,APOD,1
ZN441,NCBP2AS2,1
ZN441,ZDHHC19,1
ZN441,PCYT1A,1
ZN441,LRCH3,1
ZN441,ZNF141,1
ZN441,PDE6B,1
ZN441,ATP5ME,1
ZN441,PCGF3,1
ZN441,LETM1,1
ZN441,CFAP99,1
ZN441,ADD1,1
ZN441,HTT-AS,1
ZN441,CLNK,1
ZN441,FAM200B,1
ZN441,ANAPC4,1
ZN441,SEPSECS-AS1,1
ZN441,SMIM20,1
ZN441,PTTG2,1
ZN441,TLR10,1
ZN441,TMEM156,1
ZN441,WDR19,1
ZN441,UGDH-AS1,1
ZN441,SMIM14,1
ZN441,DCAF4L1,1
ZN441,SGCB,1
ZN441,SPATA18,1
ZN441,STAP1,1
ZN441,UBA6-DT,1
ZN441,AMBN,1
ZN441,ENAM,1
ZN441,RUFY3,1
ZN441,THAP6,1
ZN441,SDAD1,1
ZN441,SDAD1-AS1,1
ZN441,PRDM8-AS1,1
ZN441,MRPS18C,1
ZN441,PLAC8,1
ZN441,ARHGAP24,1
ZN441,PPM1K,1
ZN441,PPM1K-DT,1
ZN441,HERC6,1
ZN441,RAP1GDS1,1
ZN441,DAPP1,1
ZN441,SLC9B1,1
ZN441,CYP2U1,1
ZN441,METTL14,1
ZN441,C4orf3,1
ZN441,MFSD8,1
ZN441,NDUFC1,1
ZN441,SCOC-AS1,1
ZN441,LSM6,1
ZN441,TMEM154,1
ZN441,FHDC1,1
ZN441,TRIM2,1
ZN441,DCHS2,1
ZN441,PLRG1,1
ZN441,MSMO1,1
ZN441,FAM218A,1
ZN441,SAP30-DT,1
ZN441,CYP4V2,1
ZN441,IRF2,1
ZN441,LINC02427,1
ZN441,LINC02365,1
ZN441,LRP2BP,1
ZN441,LRP2BP-AS1,1
ZN441,CEP72-DT,1
ZN441,LPCAT1,1
ZN441,LINC03067,1
ZN441,SLC1A3-AS1,1
ZN441,FBXO4,1
ZN441,NIM1K,1
ZN441,TMEM267,1
ZN441,MOCS2,1
ZN441,MOCS2-DT,1
ZN441,GPBP1,1
ZN441,LINC01948,1
ZN441,C5orf67,1
ZN441,SMIM15-AS1,1
ZN441,MRPS36,1
ZN441,CD180,1
ZN441,RAD17,1
ZN441,MARVELD2,1
ZN441,BDP1,1
ZN441,PTCD2,1
ZN441,TMEM161B-DT,1
ZN441,MIR4280HG,1
ZN441,MEF2C-AS1,1
ZN441,ARRDC3,1
ZN441,ERAP2,1
ZN441,RGMB-AS1,1
ZN441,LIX1-AS1,1
ZN441,LIX1,1
ZN441,CHD1-DT,1
ZN441,SRP19,1
ZN441,REEP5,1
ZN441,PGGT1B,1
ZN441,AP3S1,1
ZN441,TNFAIP8,1
ZN441,ATG12,1
ZN441,DMXL1,1
ZN441,LINC02201,1
ZN441,SNX2,1
ZN441,MARCHF3,1
ZN441,MAT2B,1
ZN441,C5orf63,1
ZN441,SLC12A2,1
ZN441,LYRM7,1
ZN441,CDC42SE2,1
ZN441,RAD50,1
ZN441,UQCRQ,1
ZN441,KIF3A,1
ZN441,ZCCHC10,1
ZN441,FSTL4,1
ZN441,C5orf15,1
ZN441,MATR3,1
ZN441,DNAJC18,1
ZN441,IGIP,1
ZN441,IK,1
ZN441,HARS2,1
ZN441,PCDHGA6,1
ZN441,PCDHGA7,1
ZN441,PCDHGA8,1
ZN441,PCDHGA10,1
ZN441,RNF14,1
ZN441,PCDHGB6,1
ZN441,CD74,1
ZN441,RPS14,1
ZN441,SYNPO,1
ZN441,ZNF300,1
ZN441,CLMAT3,1
ZN441,SAP30L-AS1,1
ZN441,MED7,1
ZN441,FNDC9,1
ZN441,NIPAL4-DT,1
ZN441,ADAM19,1
ZN441,NIPAL4,1
ZN441,MRPL22,1
ZN441,LINC01845,1
ZN441,TTC1,1
ZN441,RPL26L1-AS1,1
ZN441,ATP6V0E1,1
ZN441,SNCB,1
ZN441,ARL10,1
ZN441,ZNF354A,1
ZN441,ZFP2,1
ZN441,HNRNPH1,1
ZN441,MRNIP,1
ZN441,ZFP62,1
ZN441,TRIM52,1
ZN441,DUSP22,1
ZN441,EXOC2,1
ZN441,GMDS-DT,1
ZN441,SERPINB9P1,1
ZN441,SERPINB9,1
ZN441,BPHL,1
ZN441,PSMG4,1
ZN441,PXDC1,1
ZN441,LY86,1
ZN441,DSP-AS1,1
ZN441,DSP,1
ZN441,HULC,1
ZN441,C6orf52,1
ZN441,TMEM14B-DT,1
ZN441,CD83,1
ZN441,LINC01108,1
ZN441,CDKAL1,1
ZN441,C6orf62,1
ZN441,ARMH2,1
ZN441,RIPOR2,1
ZN441,MRS2,1
ZN441,TRIM38,1
ZN441,BTN3A2,1
ZN441,HMGN4,1
ZN441,BTN2A2,1
ZN441,BTN3A3,1
ZN441,PRSS16,1
ZN441,ZNF165,1
ZN441,ZSCAN16,1
ZN441,ZSCAN26,1
ZN441,GABBR1,1
ZN441,HLA-F,1
ZN441,HCG18,1
ZN441,HLA-E,1
ZN441,RPP21,1
ZN441,MRPS18B,1
ZN441,DDR1,1
ZN441,PSORS1C3,1
ZN441,NCR3,1
ZN441,CLIC1,1
ZN441,SNHG32,1
ZN441,HLA-DOA,1
ZN441,TSBP1-AS1,1
ZN441,TSBP1,1
ZN441,HLA-DQA1,1
ZN441,HLA-DRA,1
ZN441,BTNL2,1
ZN441,HLA-DQA2,1
ZN441,HLA-DRB5,1
ZN441,HLA-DRB1,1
ZN441,HLA-DQB1,1
ZN441,HLA-DQB1-AS1,1
ZN441,HLA-DQB2,1
ZN441,HLA-DOB,1
ZN441,TAP2,1
ZN441,HLA-DMB,1
ZN441,HLA-DMA,1
ZN441,HLA-DPA1,1
ZN441,HLA-DPB1,1
ZN441,HCG24,1
ZN441,HCG25,1
ZN441,SMIM29,1
ZN441,ILRUN-AS1,1
ZN441,FGD2,1
ZN441,RNF8,1
ZN441,MDGA1,1
ZN441,APOBEC2,1
ZN441,TREML2,1
ZN441,TBCC,1
ZN441,MEA1,1
ZN441,SLC22A7,1
ZN441,CRIP3,1
ZN441,ZNF318,1
ZN441,MRPS18A,1
ZN441,MRPL14,1
ZN441,EFHC1,1
ZN441,GCM1,1
ZN441,ELOVL5,1
ZN441,LINC00680-GUSBP4,1
ZN441,LMBRD1,1
ZN441,COL19A1,1
ZN441,B3GAT2,1
ZN441,OOEP,1
ZN441,DDX43,1
ZN441,MTO1,1
ZN441,FILIP1,1
ZN441,UBE3D,1
ZN441,BCKDHB,1
ZN441,MRAP2,1
ZN441,NT5E,1
ZN441,KPNA5,1
ZN441,GJB7,1
ZN441,SMIM8,1
ZN441,C6orf163,1
ZN441,ORC3,1
ZN441,SLC35A1,1
ZN441,RARS2,1
ZN441,CNR1,1
ZN441,RNGTT,1
ZN441,USP45,1
ZN441,SOBP,1
ZN441,ZBTB24-DT,1
ZN441,AK9,1
ZN441,FIG4,1
ZN441,REV3L-IT1,1
ZN441,CALHM6,1
ZN441,NT5DC1,1
ZN441,SERINC1,1
ZN441,VNN2,1
ZN441,PERP,1
ZN441,HIVEP2-DT,1
ZN441,UST,1
ZN441,PLEKHG1,1
ZN441,ARID1B,1
ZN441,TMEM242,1
ZN441,GTF2H5,1
ZN441,TULP4,1
ZN441,EZR,1
ZN441,TBXT,1
ZN441,SFT2D1,1
ZN441,CCR6,1
ZN441,ERMARD,1
ZN441,LINC00242,1
ZN441,FAM120B,1
ZN441,PSMB1,1
ZN441,SUN1,1
ZN441,SNX8,1
ZN441,CARD11-AS1,1
ZN441,RSPH10B,1
ZN441,ZDHHC4,1
ZN441,LINC03016,1
ZN441,UMAD1,1
ZN441,NDUFA4,1
ZN441,GIRGL,1
ZN441,TSPAN13,1
ZN441,SP4,1
ZN441,HYCC1,1
ZN441,TRA2A,1
ZN441,CCDC126,1
ZN441,PALS2,1
ZN441,GSDME,1
ZN441,SNX10,1
ZN441,JAZF1-AS1,1
ZN441,WIPF3,1
ZN441,NT5C3A,1
ZN441,RP9,1
ZN441,BBS9,1
ZN441,LINC03013,1
ZN441,SEPTIN7-DT,1
ZN441,AMPH,1
ZN441,YAE1,1
ZN441,CDK13,1
ZN441,MRPL32,1
ZN441,MRPS24,1
ZN441,UBE2D4,1
ZN441,TMED4,1
ZN441,ZNF138,1
ZN441,TPST1,1
ZN441,SPDYE21,1
ZN441,SPDYE5,1
ZN441,SPDYE17,1
ZN441,SPDYE18,1
ZN441,GSAP,1
ZN441,PHTF2,1
ZN441,TMEM60,1
ZN441,DMTF1,1
ZN441,TP53TG1,1
ZN441,CROT,1
ZN441,ABCB4,1
ZN441,STEAP1,1
ZN441,GTPBP10,1
ZN441,ATP5MF,1
ZN441,ZNF655,1
ZN441,CYP3A5,1
ZN441,BUD31,1
ZN441,FAM200A,1
ZN441,TRIM4,1
ZN441,LAMTOR4,1
ZN441,STAG3,1
ZN441,ZCWPW1,1
ZN441,SPDYE6,1
ZN441,ORAI2,1
ZN441,NAPEPLD,1
ZN441,PMPCB,1
ZN441,KMT2E-AS1,1
ZN441,SRPK2,1
ZN441,ATXN7L1,1
ZN441,HBP1,1
ZN441,DUS4L,1
ZN441,DUS4L-BCAP29,1
ZN441,CBLL1,1
ZN441,THAP5,1
ZN441,TMEM168,1
ZN441,POT1-AS1,1
ZN441,LINC01393,1
ZN441,ING3,1
ZN441,WNT16,1
ZN441,HYAL4,1
ZN441,POT1,1
ZN441,KLF14,1
ZN441,AGBL3,1
ZN441,TMEM140,1
ZN441,FMC1,1
ZN441,KDM7A-DT,1
ZN441,PRSS37,1
ZN441,NDUFB2,1
ZN441,AGK,1
ZN441,WEE2,1
ZN441,PIP,1
ZN441,CASP2,1
ZN441,ARHGEF35-AS1,1
ZN441,OR2A42,1
ZN441,OR2A7,1
ZN441,OR2A1-AS1,1
ZN441,OR2A1,1
ZN441,ARHGEF5,1
ZN441,LINC00996,1
ZN441,ABCF2-H2BK1,1
ZN441,NUB1,1
ZN441,PAXIP1-AS2,1
ZN441,PAXIP1-DT,1
ZN441,PTPRN2,1
ZN441,MCPH1-AS1,1
ZN441,AGPAT5,1
ZN441,SOX7,1
ZN441,MTMR9,1
ZN441,FAM167A,1
ZN441,SLC35G5,1
ZN441,BLK,1
ZN441,ZDHHC2,1
ZN441,CNOT7,1
ZN441,TNFRSF10A,1
ZN441,TNFRSF10A-DT,1
ZN441,CHMP7,1
ZN441,EGR3,1
ZN441,PEBP4,1
ZN441,RHOBTB2,1
ZN441,ADAM28,1
ZN441,ADAM7-AS1,1
ZN441,ADAMDEC1,1
ZN441,PTK2B,1
ZN441,CCDC25,1
ZN441,PNOC,1
ZN441,RNF122,1
ZN441,DDHD2,1
ZN441,PLPP5,1
ZN441,NSD3,1
ZN441,IDO1,1
ZN441,IKBKB,1
ZN441,SMIM19,1
ZN441,RNF170,1
ZN441,LINC02947,1
ZN441,PCMTD1,1
ZN441,PCMTD1-DT,1
ZN441,SDR16C5,1
ZN441,DNAJC5B,1
ZN441,C8orf44-SGK3,1
ZN441,C8orf44,1
ZN441,SLCO5A1-AS1,1
ZN441,LACTB2-AS1,1
ZN441,C8orf89,1
ZN441,RPL7,1
ZN441,GDAP1,1
ZN441,MIR2052HG,1
ZN441,ZC2HC1A,1
ZN441,TPD52,1
ZN441,LINC02986,1
ZN441,CA13,1
ZN441,CA3,1
ZN441,CA3-AS1,1
ZN441,RMDN1,1
ZN441,CNGB3,1
ZN441,DECR1,1
ZN441,CALB1,1
ZN441,LINC01030,1
ZN441,VIRMA-DT,1
ZN441,PLEKHF2,1
ZN441,CFAP418-AS1,1
ZN441,CFAP418,1
ZN441,MATN2,1
ZN441,POP1,1
ZN441,VPS13B-DT,1
ZN441,POLR2K,1
ZN441,ZNNT1,1
ZN441,ZNF706,1
ZN441,OXR1-AS1,1
ZN441,ABRA,1
ZN441,EBAG9,1
ZN441,RNF139-DT,1
ZN441,NDUFB9,1
ZN441,ASAP1-IT2,1
ZN441,PSCA,1
ZN441,MINCR,1
ZN441,ZNF7,1
ZN441,ZNF252P-AS1,1
ZN441,ZNF250,1
ZN441,ZNF34,1
ZN441,PGM5P3-AS1,1
ZN441,RFX3-DT,1
ZN441,KDM4C,1
ZN441,LINC02851,1
ZN441,SLC24A2,1
ZN441,MOB3B,1
ZN441,ACO1,1
ZN441,RIGI,1
ZN441,SMIM27,1
ZN441,NDUFB6,1
ZN441,SMU1,1
ZN441,NFX1,1
ZN441,APTX,1
ZN441,B4GALT1,1
ZN441,ARID3C,1
ZN441,PAX5,1
ZN441,EBLN3P,1
ZN441,TRMT10B,1
ZN441,ZCCHC7,1
ZN441,TOMM5,1
ZN441,FBXO10,1
ZN441,GLIDR,1
ZN441,LERFS,1
ZN441,FAM88B,1
ZN441,GDA,1
ZN441,IDNK,1
ZN441,C9orf153,1
ZN441,SYK,1
ZN441,ERCC6L2-AS1,1
ZN441,PRXL2C,1
ZN441,XPA,1
ZN441,FKTN-AS1,1
ZN441,ABITRAM,1
ZN441,C9orf152,1
ZN441,UGCG,1
ZN441,ZFP37,1
ZN441,CDC26,1
ZN441,ATP6V1G1,1
ZN441,MRRF,1
ZN441,OR1L8,1
ZN441,MIR600HG,1
ZN441,HMGA1P4,1
ZN441,SET,1
ZN441,RAPGEF1,1
ZN441,AK8,1
ZN441,TSC1,1
ZN441,QSOX2,1
ZN441,LINC02846,1
ZN441,LINC01451,1
ZN441,LCN8,1
ZN441,STPG3-AS1,1
ZN441,XG,1
ZN441,GPR143,1
ZN441,CLCN4,1
ZN441,OFD1,1
ZN441,PRPS2,1
ZN441,LINC01203,1
ZN441,TRAPPC2,1
ZN441,TCEANC,1
ZN441,S100G,1
ZN441,TRMT2B-AS1,1
ZN441,PHKA2-AS1,1
ZN441,CNKSR2,1
ZN441,EIF2S3,1
ZN441,DMD,1
ZN441,DYNLT3,1
ZN441,KRBOX4,1
ZN441,INE1,1
ZN441,ZNF41,1
ZN441,PIM2,1
ZN441,WDR45,1
ZN441,KLF8,1
ZN441,SPIN3,1
ZN441,FAAH2,1
ZN441,SPIN2A,1
ZN441,IL2RG,1
ZN441,PIN4,1
ZN441,HDAC8,1
ZN441,CHIC1,1
ZN441,P2RY10,1
ZN441,CHM,1
ZN441,BTK,1
ZN441,ARMCX6,1
ZN441,ARMCX2,1
ZN441,RADX,1
ZN441,PRPS1,1
ZN441,RBM41,1
ZN441,TSC22D3,1
ZN441,ALG13,1
ZN441,ALG13-AS1,1
ZN441,STAG2-AS1,1
ZN441,SLC25A5-AS1,1
ZN441,RNF113A,1
ZN441,NDUFA1,1
ZN441,XIAP,1
ZN441,INTS6L,1
ZN441,MAMLD1,1
ZN441,PNMA5,1
ZN441,ATP6AP1-DT,1
ZN449,CYP2D6,1
ZN449,OGFRP1,1
ZN506,RHOH,1
ZN519,MIR1302-2HG,1
ZN519,LINC02593,1
ZN519,NOC2L,1
ZN519,LINC01770,1
ZN519,VWA1,1
ZN519,ATAD3A,1
ZN519,SLC35E2B,1
ZN519,B3GALT6,1
ZN519,AURKAIP1,1
ZN519,GNB1,1
ZN519,MORN1,1
ZN519,PEX10,1
ZN519,PRDM16-DT,1
ZN519,PRDM16,1
ZN519,ARHGEF16,1
ZN519,MEGF6,1
ZN519,LRRC47,1
ZN519,ICMT,1
ZN519,ACOT7,1
ZN519,DNAJC11,1
ZN519,SPSB1,1
ZN519,LINC02606,1
ZN519,SRM,1
ZN519,EXOSC10-AS1,1
ZN519,MAD2L2,1
ZN519,KAZN,1
ZN519,TMEM51,1
ZN519,MFAP2,1
ZN519,ALDH4A1,1
ZN519,EMC1-AS1,1
ZN519,MRTO4,1
ZN519,AKR7A2,1
ZN519,KDM1A,1
ZN519,HNRNPR,1
ZN519,ZNF436-AS1,1
ZN519,E2F2,1
ZN519,ID3,1
ZN519,LYPLA2,1
ZN519,GALE,1
ZN519,HMGCL,1
ZN519,RHCE,1
ZN519,AUNIP,1
ZN519,STMN1,1
ZN519,CEP85,1
ZN519,FAM110D,1
ZN519,HMGN2,1
ZN519,FCN3,1
ZN519,AHDC1,1
ZN519,DNAJC8,1
ZN519,RCC1,1
ZN519,RAB42,1
ZN519,YTHDF2,1
ZN519,SNRNP40,1
ZN519,SERINC2,1
ZN519,LINC01226,1
ZN519,TINAGL1,1
ZN519,KHDRBS1,1
ZN519,ZBTB8A,1
ZN519,YARS1,1
ZN519,NCDN,1
ZN519,PSMB2,1
ZN519,C1orf216,1
ZN519,CLSPN,1
ZN519,SF3A3,1
ZN519,HEYL,1
ZN519,NFYC,1
ZN519,CTPS1,1
ZN519,SLFNL1-AS1,1
ZN519,SLFNL1,1
ZN519,SCMH1,1
ZN519,NFYC-AS1,1
ZN519,SCMH1-DT,1
ZN519,RIMKLA,1
ZN519,ZMYND12,1
ZN519,P3H1,1
ZN519,ZNF691-DT,1
ZN519,EBNA1BP2,1
ZN519,TMEM125,1
ZN519,CDC20-DT,1
ZN519,CDC20,1
ZN519,C1orf210,1
ZN519,RNF220,1
ZN519,ERI3,1
ZN519,KIF2C,1
ZN519,EIF2B3,1
ZN519,AKR1A1,1
ZN519,LURAP1,1
ZN519,PRDX1,1
ZN519,MMACHC,1
ZN519,RAD54L,1
ZN519,LRRC41,1
ZN519,CYP4A22-AS1,1
ZN519,TAL1,1
ZN519,ELAVL4,1
ZN519,COA7,1
ZN519,MAGOH-DT,1
ZN519,LRP8,1
ZN519,TCEANC2,1
ZN519,CYB5RL,1
ZN519,SSBP3,1
ZN519,ACOT11,1
ZN519,PARS2,1
ZN519,FAM151A,1
ZN519,MROH7,1
ZN519,DHCR24,1
ZN519,LRRC42,1
ZN519,FGGY,1
ZN519,DNAJC6,1
ZN519,SGIP1,1
ZN519,DYNLT5,1
ZN519,SERBP1,1
ZN519,ST6GALNAC5,1
ZN519,ACADM,1
ZN519,ADGRL2,1
ZN519,SSX2IP,1
ZN519,BTBD8,1
ZN519,GLMN,1
ZN519,FNBP1L,1
ZN519,HENMT1,1
ZN519,AKNAD1,1
ZN519,GPSM2,1
ZN519,TMEM167B-DT,1
ZN519,GSTM1,1
ZN519,GSTM5,1
ZN519,AHCYL1,1
ZN519,SLC16A1,1
ZN519,CTTNBP2NL,1
ZN519,MAGI3,1
ZN519,DCLRE1B,1
ZN519,VANGL1,1
ZN519,OLFML3,1
ZN519,FAM72B,1
ZN519,FAM72C,1
ZN519,LINC02805,1
ZN519,CHTOP,1
ZN519,ILF2,1
ZN519,NPR1,1
ZN519,INTS3,1
ZN519,CREB3L4,1
ZN519,JTB-DT,1
ZN519,HDGF,1
ZN519,PEAR1,1
ZN519,PRCC,1
ZN519,KIRREL1,1
ZN519,PIGM,1
ZN519,CD244,1
ZN519,VANGL2,1
ZN519,C1orf226,1
ZN519,PBX1,1
ZN519,STYXL2,1
ZN519,MPC2,1
ZN519,CACYBP,1
ZN519,BRINP2,1
ZN519,RASAL2-AS1,1
ZN519,RASAL2,1
ZN519,KIAA1614,1
ZN519,STX6,1
ZN519,SMG7-AS1,1
ZN519,TSEN15,1
ZN519,C1orf21-DT,1
ZN519,C1orf21,1
ZN519,ASPM,1
ZN519,NR5A2,1
ZN519,DDX59-AS1,1
ZN519,TMEM9,1
ZN519,IPO9-AS1,1
ZN519,PHLDA3,1
ZN519,IPO9,1
ZN519,UBE2T,1
ZN519,RABIF,1
ZN519,KLHL12,1
ZN519,REN,1
ZN519,PLEKHA6,1
ZN519,SNRPE,1
ZN519,DYRK3-AS1,1
ZN519,DYRK3,1
ZN519,NEK2,1
ZN519,DTL,1
ZN519,CENPF,1
ZN519,PTPN14,1
ZN519,LINC01352,1
ZN519,CNIH3,1
ZN519,DNAH14,1
ZN519,SRP9,1
ZN519,PYCR2,1
ZN519,CDC42BPA,1
ZN519,JMJD4,1
ZN519,WNT9A,1
ZN519,RNF187,1
ZN519,RAB4A-AS1,1
ZN519,NUP133,1
ZN519,C1orf198,1
ZN519,ARV1,1
ZN519,MAP10,1
ZN519,LINC01354,1
ZN519,TBCE,1
ZN519,EFCAB2,1
ZN519,SMYD3,1
ZN519,SCCPDH,1
ZN519,LINC01341,1
ZN519,ZNF695,1
ZN519,ZNF670,1
ZN519,ZNF670-ZNF695,1
ZN519,GCSAML,1
ZN519,OR2C3,1
ZN519,RBM17,1
ZN519,ATP5F1C,1
ZN519,USP6NL-AS1,1
ZN519,ECHDC3,1
ZN519,PROSER2,1
ZN519,PROSER2-AS1,1
ZN519,NUDT5,1
ZN519,CDC123,1
ZN519,CCDC3,1
ZN519,MCM10,1
ZN519,PHYH,1
ZN519,SEPHS1,1
ZN519,FRMD4A,1
ZN519,MSANTD7,1
ZN519,SUV39H2-DT,1
ZN519,SUV39H2,1
ZN519,ST8SIA6,1
ZN519,ST8SIA6-AS1,1
ZN519,HACD1,1
ZN519,STAM-DT,1
ZN519,TMEM236,1
ZN519,SKIDA1,1
ZN519,SPAG6,1
ZN519,MIR1915HG,1
ZN519,KIAA1217,1
ZN519,LZTS2,1
ZN519,ODAD2,1
ZN519,NRP1,1
ZN519,PARD3,1
ZN519,HNRNPF,1
ZN519,BMS1,1
ZN519,ZNF22-AS1,1
ZN519,ZNF22,1
ZN519,ZNF32-AS2,1
ZN519,DEPP1,1
ZN519,ANTXRL,1
ZN519,SYT15,1
ZN519,LINC02637,1
ZN519,SYT15-AS1,1
ZN519,ZNF488,1
ZN519,SYT15B,1
ZN519,ARHGAP22,1
ZN519,PRKG1,1
ZN519,LINC02672,1
ZN519,TFAM,1
ZN519,BICC1,1
ZN519,CDK1,1
ZN519,LRRC20,1
ZN519,EIF4EBP2,1
ZN519,PALD1,1
ZN519,ADAMTS14,1
ZN519,SLC29A3,1
ZN519,VDAC2,1
ZN519,DLG5,1
ZN519,ZMIZ1,1
ZN519,EIF5AL1,1
ZN519,DYDC2,1
ZN519,PRXL2A,1
ZN519,DYDC1,1
ZN519,TSPAN14,1
ZN519,TSPAN14-AS1,1
ZN519,SH2D4B,1
ZN519,LINC02655,1
ZN519,PANK1,1
ZN519,DNTT,1
ZN519,PGAM1,1
ZN519,ZDHHC16,1
ZN519,GOT1,1
ZN519,LINC01475,1
ZN519,NKX2-3,1
ZN519,HMX2,1
ZN519,COX15,1
ZN519,HIF1AN,1
ZN519,SLF2,1
ZN519,SEMA4G,1
ZN519,TWNK,1
ZN519,CUEDC2,1
ZN519,ACTR1A,1
ZN519,SFXN2,1
ZN519,SUFU,1
ZN519,NT5C2,1
ZN519,TAF5,1
ZN519,PDCD11,1
ZN519,SFR1,1
ZN519,ADRA2A,1
ZN519,VWA2,1
ZN519,AFAP1L2,1
ZN519,CASC2,1
ZN519,PRDX3,1
ZN519,MCMBP,1
ZN519,BUB3,1
ZN519,CTBP2,1
ZN519,BCCIP,1
ZN519,MKI67,1
ZN519,LINC02666,1
ZN519,EBF3,1
ZN519,B4GALNT4,1
ZN519,TOLLIP-DT,1
ZN519,MRPL23-AS1,1
ZN519,LINC01150,1
ZN519,H19,1
ZN519,LINC01219,1
ZN519,NAP1L4,1
ZN519,ZNF195,1
ZN519,TRIM6,1
ZN519,TRIM5,1
ZN519,RIC3-DT,1
ZN519,AKIP1,1
ZN519,C11orf58,1
ZN519,WT1,1
ZN519,WT1-AS,1
ZN519,CSTF3-DT,1
ZN519,TRIM44,1
ZN519,PRR5L,1
ZN519,RAG1,1
ZN519,RAG2,1
ZN519,IFTAP,1
ZN519,PRDM11,1
ZN519,MDK,1
ZN519,LRP4-AS1,1
ZN519,LRP4,1
ZN519,PACSIN3,1
ZN519,CKAP5,1
ZN519,MTCH2,1
ZN519,FAM180B,1
ZN519,C1QTNF4,1
ZN519,PSMC3,1
ZN519,SSRP1,1
ZN519,SLC43A3,1
ZN519,SLC43A1,1
ZN519,MIR130AHG,1
ZN519,SERPING1,1
ZN519,FAM111A,1
ZN519,GLYATL2,1
ZN519,GLYATL1,1
ZN519,FAM111B,1
ZN519,PTGDR2,1
ZN519,CCDC86,1
ZN519,VWCE,1
ZN519,DDB1,1
ZN519,FEN1,1
ZN519,FADS2,1
ZN519,FADS1,1
ZN519,RAB3IL1,1
ZN519,GANAB,1
ZN519,NAA40,1
ZN519,SPINDOC,1
ZN519,RCOR2,1
ZN519,MACROD1,1
ZN519,FLRT1,1
ZN519,STIP1,1
ZN519,PPP1R14B,1
ZN519,FERMT3,1
ZN519,PPP1R14B-AS1,1
ZN519,FKBP2,1
ZN519,NRXN2,1
ZN519,LINC02724,1
ZN519,SLC22A11,1
ZN519,NRXN2-AS1,1
ZN519,MAP4K2,1
ZN519,MEN1,1
ZN519,SAC3D1,1
ZN519,CDCA5,1
ZN519,POLA2,1
ZN519,BANF1,1
ZN519,GAL3ST3,1
ZN519,DRAP1,1
ZN519,TSGA10IP,1
ZN519,RNASEH2C,1
ZN519,DPP3,1
ZN519,B4GAT1,1
ZN519,MRPL11,1
ZN519,RBM14,1
ZN519,GRK2,1
ZN519,GSTP1,1
ZN519,NUDT8,1
ZN519,LRP5,1
ZN519,CHKA-DT,1
ZN519,TESMIN,1
ZN519,CPT1A,1
ZN519,LINC02956,1
ZN519,FGF19,1
ZN519,ARHGEF17-AS1,1
ZN519,ARHGEF17,1
ZN519,LIPT2-AS1,1
ZN519,POLD3,1
ZN519,SERPINH1,1
ZN519,EMSY-DT,1
ZN519,ALG8,1
ZN519,KCTD21-AS1,1
ZN519,NARS2,1
ZN519,DDIAS,1
ZN519,ME3,1
ZN519,CCDC81,1
ZN519,RAB38,1
ZN519,MRE11,1
ZN519,AMOTL1,1
ZN519,KDM4D,1
ZN519,DIXDC1,1
ZN519,PIH1D2,1
ZN519,IFT46,1
ZN519,FOXR1,1
ZN519,SLC37A4,1
ZN519,RNF26,1
ZN519,USP2-AS1,1
ZN519,HSPA8,1
ZN519,PANX3,1
ZN519,SPA17,1
ZN519,CCDC15,1
ZN519,EI24,1
ZN519,RPUSD4,1
ZN519,FOXRED1,1
ZN519,GSEC,1
ZN519,FLI1,1
ZN519,SENCR,1
ZN519,ADAMTS15,1
ZN519,NCAPD3,1
ZN519,IQSEC3-AS1,1
ZN519,CCDC77,1
ZN519,NINJ2,1
ZN519,CACNA1C,1
ZN519,FKBP4,1
ZN519,FOXM1,1
ZN519,RHNO1,1
ZN519,TEAD4,1
ZN519,TSPAN9,1
ZN519,CD27-AS1,1
ZN519,NCAPD2,1
ZN519,GAPDH,1
ZN519,TNFRSF1A,1
ZN519,GAPDH-DT,1
ZN519,RIMKLB,1
ZN519,APOLD1,1
ZN519,HEBP1,1
ZN519,PLEKHA5,1
ZN519,PPFIBP1,1
ZN519,MRPS35,1
ZN519,TSPAN11,1
ZN519,DDX11-AS1,1
ZN519,DDX11,1
ZN519,RAPGEF3,1
ZN519,SLC48A1,1
ZN519,TMEM106C,1
ZN519,PFKM,1
ZN519,COL2A1,1
ZN519,DDX23,1
ZN519,RHEBL1,1
ZN519,TUBA1B,1
ZN519,TUBA1C,1
ZN519,TROAP-AS1,1
ZN519,TROAP,1
ZN519,TUBA1B-AS1,1
ZN519,PRPF40B,1
ZN519,AQP6,1
ZN519,AQP2,1
ZN519,AQP5-AS1,1
ZN519,AQP5,1
ZN519,RACGAP1,1
ZN519,ESPL1,1
ZN519,AAAS,1
ZN519,CBX5,1
ZN519,HNRNPA1,1
ZN519,MARS1,1
ZN519,DCTN2,1
ZN519,CDK4,1
ZN519,EEF1AKMT3,1
ZN519,GIHCG,1
ZN519,R3HDM2-DT,1
ZN519,HMGA2,1
ZN519,HMGA2-AS1,1
ZN519,ELK3,1
ZN519,FAM222A,1
ZN519,TCHP,1
ZN519,ATXN2-AS,1
ZN519,TESC,1
ZN519,RFC5,1
ZN519,VSIG10,1
ZN519,COQ5,1
ZN519,SRSF9,1
ZN519,DYNLL1,1
ZN519,NRAV,1
ZN519,GATC,1
ZN519,RPLP0,1
ZN519,ANAPC5,1
ZN519,RNF34,1
ZN519,LINC02985,1
ZN519,LRRC43,1
ZN519,MLXIP,1
ZN519,DENR,1
ZN519,CDK2AP1,1
ZN519,EIF2B1,1
ZN519,SCARB1,1
ZN519,RAN,1
ZN519,LINC01257,1
ZN519,LINC02370,1
ZN519,NOC4L,1
ZN519,POLE,1
ZN519,PXMP2,1
ZN519,PGAM5,1
ZN519,ANKLE2,1
ZN519,IL17D,1
ZN519,SKA3,1
ZN519,MRPL57,1
ZN519,LINC00327,1
ZN519,GPR12,1
ZN519,PAN3-AS1,1
ZN519,FLT3,1
ZN519,CCDC169,1
ZN519,SPART,1
ZN519,SPART-AS1,1
ZN519,RFXAP,1
ZN519,EXOSC8,1
ZN519,TUSC8,1
ZN519,TSC22D1,1
ZN519,TSC22D1-AS1,1
ZN519,LRRC63,1
ZN519,RNASEH2B-AS1,1
ZN519,RNASEH2B,1
ZN519,CKAP2,1
ZN519,CNMD,1
ZN519,PCDH8,1
ZN519,PCDH17,1
ZN519,DIAPH3-AS2,1
ZN519,MZT1,1
ZN519,GPC6,1
ZN519,DZIP1,1
ZN519,DNAJC3-DT,1
ZN519,LINC00449,1
ZN519,TMTC4,1
ZN519,COL4A1,1
ZN519,COL4A2,1
ZN519,TUBGCP3,1
ZN519,F7,1
ZN519,ADPRHL1,1
ZN519,TFDP1,1
ZN519,SUPT16H,1
ZN519,GMPR2,1
ZN519,NYNRIN,1
ZN519,NPAS3,1
ZN519,PSMA6,1
ZN519,SLC25A21-AS1,1
ZN519,MIPOL1,1
ZN519,LINC00648,1
ZN519,NID2,1
ZN519,BMP4,1
ZN519,CDKN3,1
ZN519,ARMH4,1
ZN519,SNAPC1,1
ZN519,MTHFD1,1
ZN519,HSPA2,1
ZN519,PPP1R36,1
ZN519,RAB15,1
ZN519,FCF1,1
ZN519,ACYP1,1
ZN519,PGF,1
ZN519,EIF2B2,1
ZN519,YLPM1,1
ZN519,TTLL5,1
ZN519,SPATA7,1
ZN519,PTPN21,1
ZN519,ZC3H14,1
ZN519,LINC00642,1
ZN519,TTC7B,1
ZN519,LINC02321,1
ZN519,UBR7,1
ZN519,EML1,1
ZN519,SLC25A29,1
ZN519,MEG3,1
ZN519,DLK1,1
ZN519,RTL1,1
ZN519,MEG8,1
ZN519,DIO3,1
ZN519,MEG9,1
ZN519,LINC02285,1
ZN519,XRCC3,1
ZN519,ZBTB42,1
ZN519,CLBA1,1
ZN519,CDCA4,1
ZN519,BTBD6,1
ZN519,TEX22,1
ZN519,MTA1-DT,1
ZN519,TEDC1,1
ZN519,AKT1,1
ZN519,CPNE8-AS1,1
ZN519,MAGEL2,1
ZN519,NDN,1
ZN519,NPAP1,1
ZN519,GPR176-DT,1
ZN519,BUB1B,1
ZN519,ANKRD63,1
ZN519,KNSTRN,1
ZN519,IVD,1
ZN519,CHST14,1
ZN519,RAD51,1
ZN519,DLL4,1
ZN519,RPAP1,1
ZN519,TUBGCP4,1
ZN519,MAP1A,1
ZN519,GABPB1,1
ZN519,EID1,1
ZN519,LEO1,1
ZN519,MYO5C,1
ZN519,PYGO1,1
ZN519,PRTG,1
ZN519,NEDD4,1
ZN519,CGNL1,1
ZN519,CCNB2,1
ZN519,PCLAF,1
ZN519,RASL12,1
ZN519,PARP16,1
ZN519,HACD3,1
ZN519,INTS14,1
ZN519,DIS3L,1
ZN519,ZWILCH,1
ZN519,ITGA11,1
ZN519,SPESP1,1
ZN519,NOX5,1
ZN519,PAQR5,1
ZN519,KIF23,1
ZN519,FBXO22,1
ZN519,RCN2,1
ZN519,SH2D7,1
ZN519,CIB2,1
ZN519,PSMA4,1
ZN519,CHRNB4,1
ZN519,ABHD17C,1
ZN519,CEMIP,1
ZN519,HDGFL3,1
ZN519,SH3GL3,1
ZN519,ALPK3,1
ZN519,FANCI,1
ZN519,POLG,1
ZN519,TICRR,1
ZN519,KIF7,1
ZN519,PEX11A,1
ZN519,WDR93,1
ZN519,IDH2,1
ZN519,FAM174B,1
ZN519,NR2F2,1
ZN519,IRAIN,1
ZN519,LUNAR1,1
ZN519,SYNM,1
ZN519,TTC23,1
ZN519,LRRC28,1
ZN519,PCSK6,1
ZN519,LINC00235,1
ZN519,WDR90,1
ZN519,CHTF18,1
ZN519,CIAO3,1
ZN519,RHOT2,1
ZN519,JMJD8,1
ZN519,RPUSD1,1
ZN519,GNG13,1
ZN519,PERCC1,1
ZN519,UQCC4,1
ZN519,PTX4,1
ZN519,TELO2,1
ZN519,JPT2,1
ZN519,CLCN7,1
ZN519,IFT140,1
ZN519,NUBP2,1
ZN519,FAHD1,1
ZN519,TBL3,1
ZN519,NTHL1,1
ZN519,RAB26,1
ZN519,NHERF2,1
ZN519,PKD1-AS1,1
ZN519,NPW,1
ZN519,RNPS1,1
ZN519,GREP1,1
ZN519,CLDN9,1
ZN519,CLDN6,1
ZN519,PKMYT1,1
ZN519,PAQR4,1
ZN519,NMRAL1,1
ZN519,GLYR1,1
ZN519,CARHSP1-DT,1
ZN519,RMI2,1
ZN519,CEP20,1
ZN519,ARL6IP1,1
ZN519,REXO5,1
ZN519,QPRT,1
ZN519,KIF22,1
ZN519,PAGR1,1
ZN519,KCTD13-DT,1
ZN519,HIRIP3,1
ZN519,SPN,1
ZN519,DOC2A,1
ZN519,FUS,1
ZN519,ITGAD,1
ZN519,ZNF843,1
ZN519,HSD3B7,1
ZN519,BCKDK,1
ZN519,TGFB1I1,1
ZN519,SHCBP1,1
ZN519,VPS35,1
ZN519,ORC6,1
ZN519,ZNF423,1
ZN519,BRD7,1
ZN519,CRNDE,1
ZN519,FTO,1
ZN519,NUP93,1
ZN519,NUDT21,1
ZN519,CETP,1
ZN519,CPNE2,1
ZN519,ADGRG1,1
ZN519,CIAPIN1,1
ZN519,COQ9,1
ZN519,KATNB1,1
ZN519,DOK4,1
ZN519,DRC7,1
ZN519,CCDC102A,1
ZN519,CCDC113,1
ZN519,CKLF-CMTM1,1
ZN519,CMTM1,1
ZN519,DYNC1LI2-DT,1
ZN519,NAE1,1
ZN519,CDH5,1
ZN519,CMTM2,1
ZN519,CBFB,1
ZN519,CTCF,1
ZN519,ENKD1,1
ZN519,GFOD2,1
ZN519,TSNAXIP1,1
ZN519,CENPT,1
ZN519,NUTF2,1
ZN519,AARS1,1
ZN519,SF3B3,1
ZN519,ZNRF1,1
ZN519,CFDP1,1
ZN519,ZFP1,1
ZN519,MAFTRR,1
ZN519,WWOX,1
ZN519,MLYCD,1
ZN519,WFDC1,1
ZN519,USP10,1
ZN519,GSE1,1
ZN519,GINS2,1
ZN519,EMC8,1
ZN519,MTHFSD,1
ZN519,FOXL1,1
ZN519,LINC02181,1
ZN519,C16orf95,1
ZN519,CDT1,1
ZN519,CBFA2T3,1
ZN519,CPNE7,1
ZN519,VPS9D1-AS1,1
ZN519,LIAT1,1
ZN519,YWHAE,1
ZN519,SCARF1,1
ZN519,RPA1,1
ZN519,SMYD4,1
ZN519,RTN4RL1,1
ZN519,TSR1,1
ZN519,SPNS2-AS1,1
ZN519,SPNS2,1
ZN519,MYBBP1A,1
ZN519,PELP1-DT,1
ZN519,C1QBP,1
ZN519,KIAA0753,1
ZN519,FBXO39,1
ZN519,SLC35G6,1
ZN519,TP53,1
ZN519,NTN1,1
ZN519,USP43,1
ZN519,HS3ST3A1,1
ZN519,PLD6,1
ZN519,COPS3,1
ZN519,RASD1,1
ZN519,NT5M,1
ZN519,LINC02076,1
ZN519,MFAP4,1
ZN519,EPN2-AS1,1
ZN519,KCNJ12,1
ZN519,TMEM11,1
ZN519,TMEM97,1
ZN519,ERAL1,1
ZN519,MYO18A,1
ZN519,ATAD5,1
ZN519,SLFN13,1
ZN519,AP2B1,1
ZN519,RASL10B,1
ZN519,TAF15,1
ZN519,PIGW,1
ZN519,C17orf78,1
ZN519,ACACA,1
ZN519,DUSP14,1
ZN519,ARHGAP23,1
ZN519,MRPL45,1
ZN519,GPR179,1
ZN519,ARL5C,1
ZN519,CDC6,1
ZN519,TOP2A,1
ZN519,HAP1,1
ZN519,JUP,1
ZN519,NKIRAS2,1
ZN519,ACLY,1
ZN519,FKBP10,1
ZN519,C17orf113,1
ZN519,STAT5B,1
ZN519,PSMC3IP,1
ZN519,TUBG1,1
ZN519,PSME3,1
ZN519,BRCA1,1
ZN519,FAM215A,1
ZN519,G6PC3,1
ZN519,HROB,1
ZN519,FAM171A2,1
ZN519,DBF4B,1
ZN519,EFTUD2,1
ZN519,SCRN2,1
ZN519,PNPO,1
ZN519,HOXB3,1
ZN519,HOXB-AS3,1
ZN519,HOXB-AS2,1
ZN519,HOXB4,1
ZN519,HOXB5,1
ZN519,TTLL6,1
ZN519,IGF2BP1,1
ZN519,HOXB6,1
ZN519,PHB1,1
ZN519,COL1A1,1
ZN519,NME1,1
ZN519,UTP18,1
ZN519,TOB1-AS1,1
ZN519,CCDC182,1
ZN519,SRSF1,1
ZN519,AKAP1,1
ZN519,MKS1,1
ZN519,APPBP2-DT,1
ZN519,BRIP1,1
ZN519,KCNH6,1
ZN519,DCAF7,1
ZN519,CYB561,1
ZN519,ACE,1
ZN519,CCDC47,1
ZN519,CACNG5,1
ZN519,KPNA2,1
ZN519,GPR142,1
ZN519,RAB37,1
ZN519,SLC9A3R1-AS1,1
ZN519,CDR2L,1
ZN519,SUMO2,1
ZN519,MIF4GD-DT,1
ZN519,CASKIN2,1
ZN519,TEN1-CDK3,1
ZN519,SRP68,1
ZN519,PRPSAP1,1
ZN519,TRIM65,1
ZN519,SRSF2,1
ZN519,BIRC5,1
ZN519,C1QTNF1,1
ZN519,CBX2,1
ZN519,TBC1D16,1
ZN519,EIF4A3,1
ZN519,CCDC40,1
ZN519,BAIAP2-DT,1
ZN519,CEP131,1
ZN519,BAHCC1,1
ZN519,LINC01971,1
ZN519,RENO1,1
ZN519,PDE6G,1
ZN519,CCDC137,1
ZN519,LINC03048,1
ZN519,ACTG1,1
ZN519,FAAP100,1
ZN519,HGS,1
ZN519,MRPL12,1
ZN519,SLC25A10,1
ZN519,ALYREF,1
ZN519,ANAPC11,1
ZN519,ARL16,1
ZN519,NOTUM,1
ZN519,LINC01970,1
ZN519,NARF,1
ZN519,TBCD,1
ZN519,USP14,1
ZN519,THOC1,1
ZN519,THOC1-DT,1
ZN519,COLEC12,1
ZN519,CLUL1,1
ZN519,TYMSOS,1
ZN519,TYMS,1
ZN519,ENOSF1,1
ZN519,PTPRM,1
ZN519,RALBP1,1
ZN519,PIEZO2,1
ZN519,LINC02979,1
ZN519,PRELID3A,1
ZN519,AFG3L2,1
ZN519,CEP76,1
ZN519,SEH1L,1
ZN519,LDLRAD4,1
ZN519,CDH2,1
ZN519,ASXL3,1
ZN519,HAUS1,1
ZN519,ARK2C,1
ZN519,ZBTB7C-AS1,1
ZN519,TNFRSF11A,1
ZN519,KDSR,1
ZN519,DIPK1C,1
ZN519,LINC00683,1
ZN519,RBFADN,1
ZN519,CDC34,1
ZN519,BSG-AS1,1
ZN519,BSG,1
ZN519,PALM,1
ZN519,PTBP1,1
ZN519,MED16,1
ZN519,POLR2E,1
ZN519,GAMT,1
ZN519,MBD3,1
ZN519,PWWP3A,1
ZN519,TCF3,1
ZN519,LMNB2,1
ZN519,LINC01775,1
ZN519,THOP1,1
ZN519,TIMM13,1
ZN519,SGTA,1
ZN519,ZNF554,1
ZN519,ZNF57,1
ZN519,GNA11,1
ZN519,S1PR4,1
ZN519,ZNF77,1
ZN519,GNA15,1
ZN519,DOHH,1
ZN519,HMG20B,1
ZN519,TBXA2R,1
ZN519,SMIM24,1
ZN519,SMIM44,1
ZN519,CHAF1A,1
ZN519,HDGFL2,1
ZN519,TNFAIP8L1,1
ZN519,PLIN3,1
ZN519,UHRF1,1
ZN519,SAFB,1
ZN519,ACSBG2,1
ZN519,CLEC4M,1
ZN519,CTXN1,1
ZN519,ELAVL1,1
ZN519,CCL25,1
ZN519,PSPN,1
ZN519,CD320,1
ZN519,HNRNPM,1
ZN519,ANGPTL4,1
ZN519,PRAM1,1
ZN519,KEAP1,1
ZN519,KRI1,1
ZN519,SMARCA4,1
ZN519,SPC24,1
ZN519,KANK2,1
ZN519,DAND5,1
ZN519,RNASEH2A,1
ZN519,ZSWIM4,1
ZN519,BRME1,1
ZN519,ASF1B,1
ZN519,ADGRL1-AS1,1
ZN519,LINC01841,1
ZN519,DDX39A,1
ZN519,ILVBL,1
ZN519,EPHX3,1
ZN519,F2RL3,1
ZN519,USHBP1,1
ZN519,ANKLE1,1
ZN519,UNC13A,1
ZN519,KCNN1,1
ZN519,ISYNA1,1
ZN519,CERS1,1
ZN519,ARMC6,1
ZN519,ZNF93,1
ZN519,ZNF257,1
ZN519,ZNF676,1
ZN519,ZNF729,1
ZN519,ZNF98,1
ZN519,ZNF492,1
ZN519,ZNF99,1
ZN519,ZNF723,1
ZN519,SLC7A9,1
ZN519,CEP89,1
ZN519,CEBPA-DT,1
ZN519,THAP8,1
ZN519,WDR62,1
ZN519,LINC00665,1
ZN519,ZFP82,1
ZN519,ZNF566-AS1,1
ZN519,OVOL3,1
ZN519,ZNF793-AS1,1
ZN519,ZNF569,1
ZN519,ZNF571-AS1,1
ZN519,PSMD8,1
ZN519,ERVK9-11,1
ZN519,FBXO17,1
ZN519,PAK4,1
ZN519,IFNL4,1
ZN519,LRFN1,1
ZN519,PAF1,1
ZN519,TIMM50,1
ZN519,PAFAH1B3,1
ZN519,PRR19,1
ZN519,XRCC1,1
ZN519,PINLYP,1
ZN519,ZNF112,1
ZN519,CEACAM20,1
ZN519,ZNF229,1
ZN519,BCAM,1
ZN519,TOMM40,1
ZN519,EXOC3L2,1
ZN519,POLR1G,1
ZN519,CKM,1
ZN519,FOXA3,1
ZN519,NOVA2,1
ZN519,HIF3A,1
ZN519,PPP5C,1
ZN519,PNMA8C,1
ZN519,PNMA8A,1
ZN519,CALM3,1
ZN519,SLC1A5,1
ZN519,KPTN,1
ZN519,EHD2,1
ZN519,NOP53-AS1,1
ZN519,LIG1,1
ZN519,ZNF114,1
ZN519,TMEM143,1
ZN519,SYNGR4,1
ZN519,GRWD1,1
ZN519,CYTH2,1
ZN519,KDELR1,1
ZN519,FUT1,1
ZN519,RUVBL2,1
ZN519,BCL2L12,1
ZN519,ZNF649,1
ZN519,ZNF613,1
ZN519,ZNF616,1
ZN519,ZNF610,1
ZN519,MYADM-AS1,1
ZN519,MBOAT7,1
ZN519,PRPF31,1
ZN519,LAIR1,1
ZN519,CDC42EP5,1
ZN519,LINC01864,1
ZN519,ZNF667,1
ZN519,ZNF470,1
ZN519,SMIM17,1
ZN519,ZIM2,1
ZN519,PEG3,1
ZN519,ZNF418,1
ZN519,ZNF135,1
ZN519,ZNF544,1
ZN519,ZNF8-DT,1
ZN519,ZNF497-AS1,1
ZN519,ZNF530,1
ZN519,A1BG,1
ZN519,ZNF497,1
ZN519,ZNF837,1
ZN519,ZNF584,1
ZN519,ZNF132,1
ZN519,ZNF132-DT,1
ZN519,MZF1-AS1,1
ZN519,ZSCAN22,1
ZN519,PXDN,1
ZN519,COLEC11,1
ZN519,CMPK2,1
ZN519,GRASLND,1
ZN519,MBOAT2,1
ZN519,ASAP2,1
ZN519,CPSF3,1
ZN519,TAF1B,1
ZN519,YWHAQ,1
ZN519,RRM2,1
ZN519,ODC1,1
ZN519,LINC01954,1
ZN519,KCNF1,1
ZN519,MYCNOS,1
ZN519,MYCN,1
ZN519,LDAH,1
ZN519,WDCP,1
ZN519,PFN4,1
ZN519,CENPO,1
ZN519,LINC01381,1
ZN519,DNMT3A,1
ZN519,EFR3B,1
ZN519,ADGRF3,1
ZN519,CENPA,1
ZN519,DPYSL5,1
ZN519,AGBL5,1
ZN519,EMILIN1,1
ZN519,KHK,1
ZN519,CAD,1
ZN519,GTF3C2,1
ZN519,GTF3C2-AS2,1
ZN519,PPM1G,1
ZN519,FNDC4,1
ZN519,CCDC121,1
ZN519,ZNF512,1
ZN519,GPN1,1
ZN519,LINC01819,1
ZN519,LINC02580,1
ZN519,MSH2,1
ZN519,MSH6,1
ZN519,SPTBN1,1
ZN519,LINC01122,1
ZN519,CCT4,1
ZN519,TMEM17,1
ZN519,MEIS1,1
ZN519,MEIS1-AS2,1
ZN519,LINC01798,1
ZN519,CEP68,1
ZN519,LINC02831,1
ZN519,ANTXR1,1
ZN519,NFU1,1
ZN519,PRADC1,1
ZN519,CCT7,1
ZN519,DCTN1,1
ZN519,MRPL19,1
ZN519,REG1B,1
ZN519,REG1A,1
ZN519,PLGLB1,1
ZN519,LINC03052,1
ZN519,FER1L5,1
ZN519,LMAN2L,1
ZN519,LINC01123,1
ZN519,LINC01106,1
ZN519,TMEM177,1
ZN519,NIFK-AS1,1
ZN519,NIFK,1
ZN519,TSN,1
ZN519,ERCC3,1
ZN519,CYP27C1,1
ZN519,POLR2D,1
ZN519,HS6ST1,1
ZN519,TUBA3D,1
ZN519,TANC1,1
ZN519,PLA2R1,1
ZN519,PSMD14,1
ZN519,GAD1,1
ZN519,DYNC1I2,1
ZN519,HAT1,1
ZN519,CDCA7,1
ZN519,RAPGEF4,1
ZN519,MAP3K20,1
ZN519,AGPS,1
ZN519,OSBPL6,1
ZN519,FAM171B,1
ZN519,ZSWIM2,1
ZN519,CALCRL-AS1,1
ZN519,PMS1,1
ZN519,CCDC150,1
ZN519,ANKRD44-DT,1
ZN519,SGO2,1
ZN519,AOX3P-AOX2P,1
ZN519,LINC01792,1
ZN519,NIF3L1,1
ZN519,CRYGD,1
ZN519,IDH1,1
ZN519,RPE,1
ZN519,LINC01963,1
ZN519,TNS1,1
ZN519,TNS1-AS1,1
ZN519,CXCR2,1
ZN519,SMARCAL1,1
ZN519,AAMP,1
ZN519,LINC01907,1
ZN519,PSMD1,1
ZN519,ARMC9,1
ZN519,NCL,1
ZN519,LINC00471,1
ZN519,PTMA,1
ZN519,PDE6D,1
ZN519,COPS7B,1
ZN519,ALPG,1
ZN519,SH3BP4,1
ZN519,RAB17-DT,1
ZN519,SCLY,1
ZN519,TRAF3IP1,1
ZN519,ING5,1
ZN519,FAM240C,1
ZN519,DTYMK,1
ZN519,TCF15,1
ZN519,SNRPB,1
ZN519,NOP56,1
ZN519,CPXM1,1
ZN519,MRPS26,1
ZN519,MAVS,1
ZN519,PCNA,1
ZN519,CHGB,1
ZN519,MCM8,1
ZN519,PLCB4,1
ZN519,BTBD3,1
ZN519,BTBD3-AS1,1
ZN519,LINC01747,1
ZN519,ACSS1,1
ZN519,TPX2,1
ZN519,MYLK2,1
ZN519,DUSP15,1
ZN519,BCL2L1,1
ZN519,PDRG1,1
ZN519,C20orf203,1
ZN519,DNMT3B,1
ZN519,MAPRE1,1
ZN519,COMMD7,1
ZN519,E2F1,1
ZN519,TGIF2,1
ZN519,DSN1,1
ZN519,NCOA5,1
ZN519,ZNF334,1
ZN519,SLC2A10,1
ZN519,SLC13A3,1
ZN519,TP53RK-DT,1
ZN519,CSE1L,1
ZN519,CSE1L-DT,1
ZN519,PSMA7,1
ZN519,HRH3,1
ZN519,RPS21-DT,1
ZN519,CABLES2,1
ZN519,MTG2,1
ZN519,SLCO4A1,1
ZN519,SLCO4A1-AS1,1
ZN519,CRMA,1
ZN519,PRPF6,1
ZN519,SOX18,1
ZN519,ARFRP1,1
ZN519,LKAAEAR1,1
ZN519,OPRL1,1
ZN519,LINC01670,1
ZN519,TIAM1-AS1,1
ZN519,C21orf62,1
ZN519,RIPPLY3,1
ZN519,LINC00114,1
ZN519,ETS2,1
ZN519,LINC02940,1
ZN519,GET1,1
ZN519,PSMG1,1
ZN519,BRWD1-AS2,1
ZN519,HMGN1,1
ZN519,UMODL1,1
ZN519,UMODL1-AS1,1
ZN519,TMPRSS3,1
ZN519,RSPH1-DT,1
ZN519,WDR4,1
ZN519,ERVH48-1,1
ZN519,RSPH1,1
ZN519,RRP1,1
ZN519,DNMT3L,1
ZN519,DNMT3L-AS1,1
ZN519,AIRE,1
ZN519,PFKL,1
ZN519,TRPM2,1
ZN519,LRRC3,1
ZN519,C21orf58,1
ZN519,PCNT,1
ZN519,HDHD5-AS1,1
ZN519,TUBA8,1
ZN519,USP18,1
ZN519,FAM230D,1
ZN519,RIMBP3,1
ZN519,CLDN5,1
ZN519,SEPTIN5,1
ZN519,ARVCF,1
ZN519,COMT,1
ZN519,TRMT2A,1
ZN519,RANBP1,1
ZN519,GNB1L,1
ZN519,RTN4R,1
ZN519,FAM230G,1
ZN519,ZNF74,1
ZN519,DGCR6L,1
ZN519,RIMBP3B,1
ZN519,UBE2L3,1
ZN519,CCDC116,1
ZN519,BCR,1
ZN519,LINC01659,1
ZN519,FAM230I,1
ZN519,PCAT14,1
ZN519,IGLL1,1
ZN519,ZNF70,1
ZN519,VPREB3,1
ZN519,SNRPD3,1
ZN519,PITPNB,1
ZN519,EMID1,1
ZN519,RHBDD3,1
ZN519,NIPSNAP1,1
ZN519,MORC2,1
ZN519,INPP5J,1
ZN519,PLA2G3,1
ZN519,TIMP3,1
ZN519,MCM5,1
ZN519,FOXRED2,1
ZN519,TST,1
ZN519,MPST,1
ZN519,ELFN2,1
ZN519,PDXP,1
ZN519,TRIOBP,1
ZN519,H1-0,1
ZN519,GALR3,1
ZN519,ANKRD54,1
ZN519,EIF3L,1
ZN519,DMC1,1
ZN519,FAM227A,1
ZN519,SYNGR1,1
ZN519,XRCC6,1
ZN519,OGFRP1,1
ZN519,RRP7A,1
ZN519,TTLL12,1
ZN519,TTLL1,1
ZN519,MCAT,1
ZN519,MPPED1,1
ZN519,SAMM50,1
ZN519,RIBC2,1
ZN519,FBLN1,1
ZN519,ATXN10,1
ZN519,GTSE1-DT,1
ZN519,GTSE1,1
ZN519,LINC02925,1
ZN519,MLC1,1
ZN519,TRABD,1
ZN519,NCAPH2,1
ZN519,CHKB-DT,1
ZN519,RAD18,1
ZN519,SSUH2,1
ZN519,OXTR,1
ZN519,SEC13,1
ZN519,ATP2B2,1
ZN519,JAGN1,1
ZN519,IL17RC,1
ZN519,GADL1,1
ZN519,CMTM8,1
ZN519,CMTM7,1
ZN519,STAC,1
ZN519,MLH1,1
ZN519,ITGA9,1
ZN519,ITGA9-AS1,1
ZN519,CTDSPL,1
ZN519,XIRP1,1
ZN519,ACKR2,1
ZN519,ZNF662,1
ZN519,GASK1A,1
ZN519,ZNF660,1
ZN519,ZNF501,1
ZN519,KIF15,1
ZN519,LARS2,1
ZN519,MYL3,1
ZN519,KIF9,1
ZN519,PTPN23-DT,1
ZN519,ELP6,1
ZN519,DHX30,1
ZN519,CCDC51,1
ZN519,WDR6,1
ZN519,IMPDH2,1
ZN519,RNF123,1
ZN519,INKA1,1
ZN519,TRAIP,1
ZN519,CAMKV,1
ZN519,MST1R,1
ZN519,TEX264,1
ZN519,POC1A,1
ZN519,RRP9,1
ZN519,ACY1,1
ZN519,PHF7,1
ZN519,NT5DC2,1
ZN519,PBRM1,1
ZN519,ITIH3,1
ZN519,HESX1,1
ZN519,LINC00506,1
ZN519,CPOX,1
ZN519,ST3GAL6-AS1,1
ZN519,DCBLD2,1
ZN519,DPPA2,1
ZN519,DPPA4,1
ZN519,GSK3B-DT,1
ZN519,FSTL1,1
ZN519,NR1I2,1
ZN519,STXBP5L,1
ZN519,TXNRD3,1
ZN519,CHST13,1
ZN519,TPRA1,1
ZN519,MCM2,1
ZN519,KBTBD12,1
ZN519,ACAD9,1
ZN519,CNBP,1
ZN519,HMCES,1
ZN519,H1-10-AS1,1
ZN519,EFCC1,1
ZN519,GP9,1
ZN519,IFT122,1
ZN519,TMCC1-DT,1
ZN519,TRH,1
ZN519,AMOTL2,1
ZN519,PCCB,1
ZN519,STAG1-DT,1
ZN519,SLC35G2,1
ZN519,ESYT3,1
ZN519,CEP70,1
ZN519,ATP1B3,1
ZN519,PLS1,1
ZN519,PLOD2,1
ZN519,PLSCR4,1
ZN519,P2RY1,1
ZN519,PLCH1,1
ZN519,SMC4,1
ZN519,NLGN1,1
ZN519,NAALADL2,1
ZN519,LINC00501,1
ZN519,EIF2B5,1
ZN519,DVL3,1
ZN519,AP2M1,1
ZN519,VWA5B2,1
ZN519,EEF1AKMT4,1
ZN519,PSMD2,1
ZN519,POLR2H,1
ZN519,MAGEF1,1
ZN519,IGF2BP2,1
ZN519,ETV5,1
ZN519,RFC4,1
ZN519,LINC02036,1
ZN519,ATP13A3-DT,1
ZN519,TMEM44,1
ZN519,XXYLT1,1
ZN519,XXYLT1-AS2,1
ZN519,BDH1,1
ZN519,SLBP,1
ZN519,TACC3,1
ZN519,NSD2,1
ZN519,FGFR3,1
ZN519,RGS12,1
ZN519,HGFAC,1
ZN519,STK32B,1
ZN519,CYTL1,1
ZN519,SH3TC1,1
ZN519,HTRA3,1
ZN519,LINC01096,1
ZN519,TAPT1-AS1,1
ZN519,MED28,1
ZN519,NCAPG,1
ZN519,ADGRA3,1
ZN519,PCDH7,1
ZN519,LINC02265,1
ZN519,CHRNA9,1
ZN519,N4BP2,1
ZN519,LIMCH1,1
ZN519,BEND4,1
ZN519,SCFD2,1
ZN519,PDGFRA,1
ZN519,KDR,1
ZN519,SRD5A3,1
ZN519,KIT,1
ZN519,IGFBP7,1
ZN519,IGFBP7-AS1,1
ZN519,ADGRL3,1
ZN519,STBD1,1
ZN519,LINC01088,1
ZN519,HNRNPD,1
ZN519,ENOPH1,1
ZN519,SCD5,1
ZN519,THAP9,1
ZN519,NKX6-1,1
ZN519,C4orf36,1
ZN519,PTPN13,1
ZN519,NUDT9,1
ZN519,SPARCL1,1
ZN519,PKD2,1
ZN519,TIGD2,1
ZN519,SNCA,1
ZN519,SNCA-AS1,1
ZN519,TSPAN5,1
ZN519,TSPAN5-DT,1
ZN519,H2AZ1,1
ZN519,BDH2,1
ZN519,CENPE,1
ZN519,H2AZ1-DT,1
ZN519,HADH,1
ZN519,GAR1,1
ZN519,EGF,1
ZN519,ELOVL6,1
ZN519,ENPEP,1
ZN519,FAM241A,1
ZN519,TRAM1L1,1
ZN519,NDST3,1
ZN519,INTU,1
ZN519,PCDH10,1
ZN519,PCDH10-DT,1
ZN519,PABPC4L,1
ZN519,CLGN,1
ZN519,ZNF330,1
ZN519,SMARCA5-AS1,1
ZN519,SMARCA5,1
ZN519,GYPA,1
ZN519,SMAD1,1
ZN519,GATB,1
ZN519,MND1,1
ZN519,GLRB,1
ZN519,RXFP1,1
ZN519,C4orf46,1
ZN519,PPID,1
ZN519,NPY1R,1
ZN519,AADAT,1
ZN519,HMGB2,1
ZN519,SAP30-DT,1
ZN519,DCTD,1
ZN519,PLEKHG4B,1
ZN519,LRRC14B,1
ZN519,CCDC127,1
ZN519,PDCD6-DT,1
ZN519,TRIP13,1
ZN519,AHRR,1
ZN519,SLC9A3-AS1,1
ZN519,CEP72,1
ZN519,ZDHHC11,1
ZN519,NDUFS6,1
ZN519,LINC02982,1
ZN519,NKD2,1
ZN519,SLC6A19,1
ZN519,TERT,1
ZN519,MRPL36,1
ZN519,SLC12A7,1
ZN519,TERLR1,1
ZN519,SLC6A3,1
ZN519,IRX1,1
ZN519,LINC02899,1
ZN519,NPR3,1
ZN519,CAPSL,1
ZN519,UGT3A2,1
ZN519,SKP2,1
ZN519,SPEF2,1
ZN519,LIFR,1
ZN519,DAB2,1
ZN519,CCDC152,1
ZN519,SELENOP,1
ZN519,NNT,1
ZN519,C5orf34-AS1,1
ZN519,NLN,1
ZN519,GTF2H2C,1
ZN519,MRPS27,1
ZN519,SV2C,1
ZN519,IQGAP2,1
ZN519,F2R,1
ZN519,CRHBP,1
ZN519,ZBED3-AS1,1
ZN519,NR2F1,1
ZN519,CKMT2,1
ZN519,SSBP2,1
ZN519,EDIL3,1
ZN519,ARSK,1
ZN519,RFESD,1
ZN519,LOX,1
ZN519,SNCAIP,1
ZN519,MEGF10,1
ZN519,CHSY3,1
ZN519,P4HA2,1
ZN519,GDF9,1
ZN519,VDAC1,1
ZN519,MACROH2A1,1
ZN519,PROB1,1
ZN519,SPATA24,1
ZN519,SMIM33,1
ZN519,PCDHB13,1
ZN519,PCDHB14,1
ZN519,PCDHB15,1
ZN519,SPRY4,1
ZN519,JAKMIP2,1
ZN519,AFAP1L1,1
ZN519,PDGFRB,1
ZN519,MYOZ3,1
ZN519,SMIM3,1
ZN519,GEMIN5,1
ZN519,KIF4B,1
ZN519,HMMR,1
ZN519,FABP6-AS1,1
ZN519,CCNJL,1
ZN519,FAM200C,1
ZN519,PTTG1,1
ZN519,MIR3142HG,1
ZN519,LINC01366,1
ZN519,KCNMB1,1
ZN519,KCNIP1,1
ZN519,RANBP17,1
ZN519,NPM1,1
ZN519,UBTD2,1
ZN519,NEURL1B,1
ZN519,ERGIC1,1
ZN519,GPRIN1,1
ZN519,DBN1,1
ZN519,DDX41,1
ZN519,MXD3,1
ZN519,HNRNPAB,1
ZN519,ZNF354C,1
ZN519,RPP40,1
ZN519,LYRM4-AS1,1
ZN519,TFAP2A-AS1,1
ZN519,TMEM14C,1
ZN519,JARID2-DT,1
ZN519,CAP2,1
ZN519,NHLRC1,1
ZN519,SOX4,1
ZN519,CASC15,1
ZN519,NBAT1,1
ZN519,H1-1,1
ZN519,H4C1,1
ZN519,H4C3,1
ZN519,H2BC6-AS1,1
ZN519,H2AC7,1
ZN519,H2BC15,1
ZN519,H2AC17,1
ZN519,PPP1R10,1
ZN519,NRM,1
ZN519,TUBB,1
ZN519,CCHCR1,1
ZN519,ZBTB12,1
ZN519,PPT2-EGFL8,1
ZN519,PBX2,1
ZN519,NELFE,1
ZN519,FKBPL,1
ZN519,RNF5,1
ZN519,NOTCH4,1
ZN519,HMGA1,1
ZN519,FANCE,1
ZN519,PPIL1,1
ZN519,SRSF3,1
ZN519,MAPK14,1
ZN519,TMEM217,1
ZN519,TBC1D22B,1
ZN519,KCNK17,1
ZN519,KIF6,1
ZN519,MOCS1,1
ZN519,NFYA,1
ZN519,LRFN2,1
ZN519,NCR2,1
ZN519,MDFI,1
ZN519,PRPH2,1
ZN519,RPL7L1,1
ZN519,PPP2R5D,1
ZN519,KLHDC3,1
ZN519,MEA1,1
ZN519,PTK7,1
ZN519,XPO5,1
ZN519,SLC29A1,1
ZN519,HSP90AB1,1
ZN519,AARS2,1
ZN519,MYMX,1
ZN519,SUPT3H,1
ZN519,MMUT,1
ZN519,CENPQ,1
ZN519,C6orf141,1
ZN519,CGAS,1
ZN519,CD109-AS1,1
ZN519,LCA5,1
ZN519,SYNCRIP,1
ZN519,SRSF12,1
ZN519,PM20D2,1
ZN519,CASP8AP2,1
ZN519,EPHA7,1
ZN519,HACE1,1
ZN519,LIN28B,1
ZN519,BVES-AS1,1
ZN519,CEP57L1,1
ZN519,PPIL6,1
ZN519,SLC22A16,1
ZN519,NKAIN2,1
ZN519,TPD52L1,1
ZN519,HDDC2,1
ZN519,EPB41L2,1
ZN519,MYB,1
ZN519,MYB-AS1,1
ZN519,AHI1,1
ZN519,AHI1-DT,1
ZN519,SLC35D3,1
ZN519,NHSL1-AS1,1
ZN519,CCDC28A-AS1,1
ZN519,ABRACL,1
ZN519,AKAP12,1
ZN519,FBXO5,1
ZN519,CNKSR3,1
ZN519,ACAT2,1
ZN519,TCP1,1
ZN519,MPC1-DT,1
ZN519,RPS6KA2-IT1,1
ZN519,LINC01558,1
ZN519,LINC03015,1
ZN519,DNAAF5,1
ZN519,GPR146,1
ZN519,HOXA6,1
ZN519,HOXA11-AS,1
ZN519,HOXA10-AS,1
ZN519,HOXA7,1
ZN519,MICALL2,1
ZN519,LINC02983,1
ZN519,LINC03073,1
ZN519,ZFAND2A-DT,1
ZN519,PSMG3-AS1,1
ZN519,ELFN1,1
ZN519,NUDT1,1
ZN519,EIF3B,1
ZN519,MRM2,1
ZN519,CHST12,1
ZN519,GNA12,1
ZN519,RADIL,1
ZN519,PAPOLB,1
ZN519,TNRC18,1
ZN519,FSCN1,1
ZN519,ACTB,1
ZN519,EIF2AK1,1
ZN519,RAC1,1
ZN519,AIMP2,1
ZN519,DAGLB,1
ZN519,ICA1,1
ZN519,ETV1,1
ZN519,IGF2BP3,1
ZN519,HOXA3,1
ZN519,HOXA-AS2,1
ZN519,HOXA-AS3,1
ZN519,HOXA5,1
ZN519,HOXA9,1
ZN519,HOXA10,1
ZN519,CBX3,1
ZN519,HOXA4,1
ZN519,BMPER,1
ZN519,ANLN,1
ZN519,SFRP4,1
ZN519,EPDR1,1
ZN519,STARD3NL,1
ZN519,COBL,1
ZN519,VKORC1L1,1
ZN519,GUSB,1
ZN519,TRIM74,1
ZN519,BAZ1B,1
ZN519,EIF4H,1
ZN519,RFC2,1
ZN519,CLIP2,1
ZN519,GTF2IRD1,1
ZN519,SPDYE12,1
ZN519,MDH2,1
ZN519,SRRM3,1
ZN519,YWHAG,1
ZN519,MAGI2-AS3,1
ZN519,CLDN12,1
ZN519,CDK6-AS1,1
ZN519,GNG11,1
ZN519,MCM7,1
ZN519,TAF6,1
ZN519,ZAN,1
ZN519,TRIP6,1
ZN519,POP7,1
ZN519,EMSLR,1
ZN519,NAT16,1
ZN519,IFT22,1
ZN519,ACHE,1
ZN519,POLR2J3,1
ZN519,LRRC17,1
ZN519,DLD,1
ZN519,LAMB4,1
ZN519,RBM28,1
ZN519,HILPDA,1
ZN519,FLNC,1
ZN519,TNPO3,1
ZN519,SMO,1
ZN519,LINC03008,1
ZN519,CHCHD3,1
ZN519,TRIM24,1
ZN519,SVOPL,1
ZN519,KLRG2,1
ZN519,TCAF1,1
ZN519,ATP6V0E2-AS1,1
ZN519,LRRC61,1
ZN519,REPIN1,1
ZN519,AOC1,1
ZN519,CDK5,1
ZN519,RHEB,1
ZN519,BLACE,1
ZN519,LINC03010,1
ZN519,NCAPG2,1
ZN519,VIPR2,1
ZN519,DLGAP2,1
ZN519,KBTBD11-OT1,1
ZN519,MYOM2,1
ZN519,LINC03021,1
ZN519,XKR5,1
ZN519,GS1-24F4.2,1
ZN519,FAM86B2,1
ZN519,TRMT9B,1
ZN519,C8orf48,1
ZN519,TUSC3,1
ZN519,NPM2,1
ZN519,FGF17,1
ZN519,HR,1
ZN519,REEP4,1
ZN519,PHYHIP,1
ZN519,CDCA2,1
ZN519,FUT10,1
ZN519,TTI2,1
ZN519,DUSP26,1
ZN519,PLPBP,1
ZN519,BRF2,1
ZN519,ASH2L,1
ZN519,GINS4,1
ZN519,LINC02984,1
ZN519,SOX17,1
ZN519,GGH,1
ZN519,CRISPLD1,1
ZN519,CASC9,1
ZN519,MMP16,1
ZN519,NECAB1,1
ZN519,C8orf88,1
ZN519,RGS22,1
ZN519,MAILR,1
ZN519,LRP12,1
ZN519,ZFPM2,1
ZN519,ATAD2,1
ZN519,NTAQ1,1
ZN519,MYC,1
ZN519,ST3GAL1-DT,1
ZN519,KCNK9,1
ZN519,CHRAC1,1
ZN519,THEM6,1
ZN519,ARC,1
ZN519,ZFP41,1
ZN519,ZNF696,1
ZN519,RHPN1-AS1,1
ZN519,LY6H,1
ZN519,LINC02990,1
ZN519,GSDMD,1
ZN519,GFUS,1
ZN519,IQANK1,1
ZN519,HGH1,1
ZN519,PTPRD-AS1,1
ZN519,ELAVL2,1
ZN519,TUSC1,1
ZN519,MYORG,1
ZN519,ARHGEF39,1
ZN519,STOML2,1
ZN519,HINT2,1
ZN519,NPR2,1
ZN519,RECK,1
ZN519,MELK,1
ZN519,ALDH1B1,1
ZN519,PTGER4P2-CDK2AP2P2,1
ZN519,ENTREP1,1
ZN519,GNA14,1
ZN519,CEP78,1
ZN519,SPATA31C2,1
ZN519,SPIN1,1
ZN519,NXNL2,1
ZN519,CKS2,1
ZN519,LINC03062,1
ZN519,FANCC,1
ZN519,ZNF462,1
ZN519,CTNNAL1,1
ZN519,PRPF4,1
ZN519,BSPRY,1
ZN519,POLE3,1
ZN519,RGS3,1
ZN519,WDR31,1
ZN519,GSN,1
ZN519,TTLL11,1
ZN519,DAB2IP,1
ZN519,LHX6,1
ZN519,NEK6,1
ZN519,PSMB7,1
ZN519,NR6A1,1
ZN519,MIR181A2HG,1
ZN519,HSPA5,1
ZN519,PTRH1,1
ZN519,TOR2A,1
ZN519,CDK9,1
ZN519,FPGS,1
ZN519,ENG,1
ZN519,ODF2,1
ZN519,GLE1,1
ZN519,SLC27A4,1
ZN519,DYNC2I2,1
ZN519,PKN3,1
ZN519,ZDHHC12-DT,1
ZN519,DOLPP1,1
ZN519,NTMT1,1
ZN519,MIF,1
ZN519,CRAT,1
ZN519,EXOSC2,1
ZN519,ABL1,1
ZN519,AIF1L,1
ZN519,CFAP77,1
ZN519,SPACA9,1
ZN519,GFI1B,1
ZN519,GTF3C5,1
ZN519,CEL,1
ZN519,SURF6,1
ZN519,ADAMTSL2,1
ZN519,FAM163B,1
ZN519,DBH,1
ZN519,SARDH,1
ZN519,BRD3,1
ZN519,REXO4,1
ZN519,WDR5,1
ZN519,COL5A1,1
ZN519,FCN2,1
ZN519,CAMSAP1-DT,1
ZN519,DKFZP434A062,1
ZN519,PMPCA,1
ZN519,C9orf163,1
ZN519,GPSM1,1
ZN519,EGFL7,1
ZN519,AGPAT2,1
ZN519,DIPK1B,1
ZN519,LCN6,1
ZN519,LCN10,1
ZN519,CCDC183-AS1,1
ZN519,DNLZ,1
ZN519,NOTCH1,1
ZN519,LCN15,1
ZN519,TRAF2,1
ZN519,TMEM203,1
ZN519,TUBB4B,1
ZN519,ZMYND19,1
ZN519,ARRDC1-AS1,1
ZN519,PPP2R3B,1
ZN519,PLCXD1,1
ZN519,CRLF2,1
ZN519,SLC25A6,1
ZN519,CD99,1
ZN519,ARSL,1
ZN519,GYG2,1
ZN519,GPM6B,1
ZN519,PDHA1,1
ZN519,APOO,1
ZN519,PRRG1,1
ZN519,LANCL3,1
ZN519,SRPX,1
ZN519,LINC03053,1
ZN519,FUNDC1,1
ZN519,LINC01560,1
ZN519,RBM10,1
ZN519,UBA1,1
ZN519,USP11,1
ZN519,SHROOM4,1
ZN519,NUDT10,1
ZN519,NUDT11,1
ZN519,CENPVL3,1
ZN519,MAGED1,1
ZN519,MAGED4B,1
ZN519,MAGED4,1
ZN519,FGD1,1
ZN519,TRO,1
ZN519,APEX2,1
ZN519,SPIN4,1
ZN519,ZC3H12B,1
ZN519,SLC7A3,1
ZN519,SRPX2,1
ZN519,SYTL4,1
ZN519,CENPI,1
ZN519,DRP2,1
ZN519,ARMCX1,1
ZN519,MORF4L2,1
ZN519,TMEM31,1
ZN519,TMSB15C,1
ZN519,AMOT,1
ZN519,PLS3,1
ZN519,DANT2,1
ZN519,KLHL13,1
ZN519,DCAF12L2,1
ZN519,SASH3,1
ZN519,AIFM1,1
ZN519,XPNPEP2,1
ZN519,HPRT1,1
ZN519,LINC00629,1
ZN519,MAP7D3,1
ZN519,FHL1,1
ZN519,HTATSF1,1
ZN519,GABRE,1
ZN519,GABRA3,1
ZN519,BGN,1
ZN519,SRPK3,1
ZN519,BCAP31,1
ZN519,NAA10,1
ZN519,HCFC1-AS1,1
ZN519,TMEM187,1
ZN519,HCFC1,1
ZN519,LAGE3,1
ZN519,UBL4A,1
ZN519,DKC1,1
ZN519,MPP1,1
ZN519,ATP6AP1-DT,1
ZN519,IL9R,1
ZN519,WASIR1,1
ZN530,GNB1,1
ZN543,C16orf95-DT,1
ZN580,ZBED1,1
ZN584,GNA12,1
ZN610,ACOT7,1
ZN610,DNAJC11,1
ZN610,MAD2L2,1
ZN610,TMEM167B-DT,1
ZN610,PSRC1,1
ZN610,SRP9,1
ZN610,PYCR2,1
ZN610,H3-3A,1
ZN610,CCDC3,1
ZN610,MCM10,1
ZN610,MIR1915HG,1
ZN610,SKIDA1,1
ZN610,SPAG6,1
ZN610,NRP1,1
ZN610,SYT15-AS1,1
ZN610,SYT15B,1
ZN610,TFAM,1
ZN610,BICC1,1
ZN610,PRDX3,1
ZN610,CTBP2,1
ZN610,BCCIP,1
ZN610,NAP1L4,1
ZN610,CTR9,1
ZN610,SLC43A3,1
ZN610,MIR130AHG,1
ZN610,BANF1,1
ZN610,RPUSD4,1
ZN610,FOXRED1,1
ZN610,GSEC,1
ZN610,TEAD4,1
ZN610,TSPAN9,1
ZN610,HMGA2-AS1,1
ZN610,LLPH-DT,1
ZN610,LINC01257,1
ZN610,LINC02370,1
ZN610,RAN,1
ZN610,DIAPH3-AS2,1
ZN610,TUBGCP3,1
ZN610,CTCF,1
ZN610,ENKD1,1
ZN610,GFOD2,1
ZN610,TSNAXIP1,1
ZN610,CENPT,1
ZN610,NUTF2,1
ZN610,ZNRF1,1
ZN610,ZFP1,1
ZN610,CFDP1,1
ZN610,USP10,1
ZN610,MTHFSD,1
ZN610,FOXL1,1
ZN610,LINC02181,1
ZN610,C16orf95,1
ZN610,ZCCHC14-DT,1
ZN610,RASD1,1
ZN610,FAM215A,1
ZN610,HROB,1
ZN610,FAM171A2,1
ZN610,DBF4B,1
ZN610,LINC03048,1
ZN610,BAHCC1,1
ZN610,PDE6G,1
ZN610,CEP131,1
ZN610,LINC01971,1
ZN610,CCDC137,1
ZN610,MRPL12,1
ZN610,SLC25A10,1
ZN610,ALYREF,1
ZN610,ANAPC11,1
ZN610,COLEC12,1
ZN610,TYMSOS,1
ZN610,TYMS,1
ZN610,ENOSF1,1
ZN610,HAUS1,1
ZN610,ARK2C,1
ZN610,ELAVL1,1
ZN610,SPC24,1
ZN610,THAP8,1
ZN610,WDR62,1
ZN610,OVOL3,1
ZN610,ZNF566-AS1,1
ZN610,ZNF793-AS1,1
ZN610,ZNF569,1
ZN610,ZNF571-AS1,1
ZN610,IFNL4,1
ZN610,LRFN1,1
ZN610,TIMM50,1
ZN610,XRCC1,1
ZN610,PINLYP,1
ZN610,YWHAQ,1
ZN610,ASAP2,1
ZN610,HS6ST1,1
ZN610,ALPG,1
ZN610,COPS7B,1
ZN610,PTMA,1
ZN610,DTYMK,1
ZN610,FAM240C,1
ZN610,LINC01747,1
ZN610,ACSS1,1
ZN610,LINC00114,1
ZN610,ETS2,1
ZN610,DNMT3L,1
ZN610,DNMT3L-AS1,1
ZN610,AIRE,1
ZN610,PFKL,1
ZN610,TRPM2,1
ZN610,LRRC3,1
ZN610,COMT,1
ZN610,ARVCF,1
ZN610,TRMT2A,1
ZN610,RANBP1,1
ZN610,RTN4R,1
ZN610,FAM230G,1
ZN610,ZNF74,1
ZN610,ELFN2,1
ZN610,TST,1
ZN610,MPST,1
ZN610,XRCC6,1
ZN610,ATXN10,1
ZN610,SSUH2,1
ZN610,OXTR,1
ZN610,RAD18,1
ZN610,NT5DC2,1
ZN610,PBRM1,1
ZN610,ITIH3,1
ZN610,CPOX,1
ZN610,ST3GAL6-AS1,1
ZN610,DCBLD2,1
ZN610,FSTL1,1
ZN610,AMOTL2,1
ZN610,EEF1AKMT4,1
ZN610,PSMD2,1
ZN610,POLR2H,1
ZN610,TAPT1-AS1,1
ZN610,ADGRA3,1
ZN610,PGM2,1
ZN610,IGFBP7,1
ZN610,IGFBP7-AS1,1
ZN610,ENPEP,1
ZN610,INTU,1
ZN610,AADAT,1
ZN610,PLEKHG4B,1
ZN610,LRRC14B,1
ZN610,CCDC127,1
ZN610,PDCD6-DT,1
ZN610,TRIP13,1
ZN610,LINC02982,1
ZN610,NKD2,1
ZN610,SLC6A19,1
ZN610,NDUFS6,1
ZN610,IRX1,1
ZN610,P4HA2,1
ZN610,FABP6-AS1,1
ZN610,CCNJL,1
ZN610,FAM200C,1
ZN610,PTTG1,1
ZN610,MIR3142HG,1
ZN610,RPP40,1
ZN610,LYRM4-AS1,1
ZN610,CAP2,1
ZN610,PPIL1,1
ZN610,SRSF3,1
ZN610,TPD52L1,1
ZN610,MPC1-DT,1
ZN610,RPS6KA2-IT1,1
ZN610,ZFAND2A-DT,1
ZN610,ELFN1,1
ZN610,EIF3B,1
ZN610,ANLN,1
ZN610,DLD,1
ZN610,LAMB4,1
ZN610,KBTBD11-OT1,1
ZN610,MYOM2,1
ZN610,LRP12,1
ZN610,ZFPM2,1
ZN610,HGH1,1
ZN610,RHPN1-AS1,1
ZN610,ZNF462,1
ZN610,CFAP77,1
ZN610,REXO4,1
ZN610,FAM163B,1
ZN610,DBH,1
ZN610,SARDH,1
ZN610,COL5A1,1
ZN610,PMPCA,1
ZN610,C9orf163,1
ZN610,EGFL7,1
ZN610,AGPAT2,1
ZN610,DIPK1B,1
ZN610,LCN6,1
ZN610,GYG2,1
ZN610,ARSL,1
ZN610,LINC03053,1
ZN610,DRP2,1
ZN610,BGN,1
ZN616,C4orf36,1
ZN616,APTR,1
ZN664,NCOA7,1
ZN669,HEY2-AS1,1
ZN684,KRT74,1
ZN684,KRT72,1
ZN684,KRT73-AS1,1
ZN684,KRT73,1
ZN684,KRT2,1
ZN736,LINC01970,1
ZN736,CYBC1,1
ZN736,NARF,1
ZN778,RNF144A,1
ZNF2,LINC01342,1
ZNF2,RER1,1
ZNF2,RERE-AS1,1
ZNF2,UBIAD1,1
ZNF2,NPPA,1
ZNF2,DNAJC16,1
ZNF2,LINC01355,1
ZNF2,ELOA-AS1,1
ZNF2,HMGCL,1
ZNF2,MDS2,1
ZNF2,CNR2,1
ZNF2,SYF2,1
ZNF2,RSRP1,1
ZNF2,NR0B2,1
ZNF2,FAM76A,1
ZNF2,RPA2,1
ZNF2,EYA3,1
ZNF2,TRNAU1AP,1
ZNF2,SNHG12,1
ZNF2,OPRD1,1
ZNF2,ATP5IF1,1
ZNF2,LAPTM5,1
ZNF2,ZCCHC17,1
ZNF2,FABP3,1
ZNF2,TMEM39B,1
ZNF2,ZBTB8OS,1
ZNF2,ZMYM4-AS1,1
ZNF2,MANEAL,1
ZNF2,CAP1,1
ZNF2,TMCO2,1
ZNF2,PPCS,1
ZNF2,CCDC30,1
ZNF2,SLC2A1-DT,1
ZNF2,ELOVL1,1
ZNF2,CCDC163,1
ZNF2,TXNDC12,1
ZNF2,TUT4,1
ZNF2,TMEM59,1
ZNF2,CYP2J2,1
ZNF2,PATJ,1
ZNF2,ATG4C,1
ZNF2,NEXN-AS1,1
ZNF2,MSH4,1
ZNF2,LINC02795,1
ZNF2,SELENOF,1
ZNF2,DPH5-DT,1
ZNF2,RNPC3,1
ZNF2,AMY2B,1
ZNF2,AGL,1
ZNF2,VAV3-AS1,1
ZNF2,LINC02785,1
ZNF2,STXBP3,1
ZNF2,STRIP1,1
ZNF2,LAMTOR5,1
ZNF2,CD53,1
ZNF2,DRAM2,1
ZNF2,CEPT1,1
ZNF2,DENND2D,1
ZNF2,CHI3L2,1
ZNF2,C1orf162,1
ZNF2,SLC16A1-AS1,1
ZNF2,LRIG2-DT,1
ZNF2,LRIG2,1
ZNF2,AP4B1,1
ZNF2,BCAS2,1
ZNF2,WARS2-AS1,1
ZNF2,SEC22B,1
ZNF2,POLR3C,1
ZNF2,ITGA10,1
ZNF2,POLR3GL,1
ZNF2,FMO5,1
ZNF2,LINC00624,1
ZNF2,VPS45,1
ZNF2,LINC02988,1
ZNF2,ANP32E,1
ZNF2,C1orf54,1
ZNF2,MRPS21,1
ZNF2,TNFAIP8L2,1
ZNF2,C1orf56,1
ZNF2,ARNT,1
ZNF2,GABPB2,1
ZNF2,SCNM1,1
ZNF2,LYSMD1,1
ZNF2,PSMD4,1
ZNF2,PSMB4,1
ZNF2,LENEP,1
ZNF2,SLC50A1,1
ZNF2,KRTCAP2,1
ZNF2,RUSC1-AS1,1
ZNF2,FDPS,1
ZNF2,ASH1L-AS1,1
ZNF2,ARHGEF2-AS2,1
ZNF2,LAMTOR2,1
ZNF2,KHDC4,1
ZNF2,PMF1,1
ZNF2,GPATCH4,1
ZNF2,ATP1A2,1
ZNF2,DCAF8-DT,1
ZNF2,SLAMF6,1
ZNF2,SLAMF1,1
ZNF2,LY9,1
ZNF2,TSTD1,1
ZNF2,KLHDC9,1
ZNF2,PPOX,1
ZNF2,MGST3,1
ZNF2,ALDH9A1,1
ZNF2,TMCO1-AS1,1
ZNF2,SELL,1
ZNF2,SCYL3,1
ZNF2,FMO4,1
ZNF2,MYOCOS,1
ZNF2,RABGAP1L-AS1,1
ZNF2,MRPS14,1
ZNF2,KIAA0040,1
ZNF2,C1orf220,1
ZNF2,RALGPS2,1
ZNF2,ANGPTL1,1
ZNF2,MR1,1
ZNF2,LINC01732,1
ZNF2,LAMC1-AS1,1
ZNF2,TRMT1L,1
ZNF2,PRG4,1
ZNF2,PDC-AS1,1
ZNF2,KLHL12,1
ZNF2,MDM4,1
ZNF2,TMEM81,1
ZNF2,RBBP5,1
ZNF2,LEMD1-AS1,1
ZNF2,MFSD4A,1
ZNF2,RAB29,1
ZNF2,IL24,1
ZNF2,FCMR,1
ZNF2,PIGR,1
ZNF2,PFKFB2,1
ZNF2,TRAF3IP3,1
ZNF2,UTP25,1
ZNF2,TRAF5,1
ZNF2,LPGAT1-AS1,1
ZNF2,TATDN3,1
ZNF2,LINC02608,1
ZNF2,SPATA45,1
ZNF2,FLVCR1-DT,1
ZNF2,WDR54,1
ZNF2,MTARC2,1
ZNF2,TAF1A-AS1,1
ZNF2,HHIPL2,1
ZNF2,AIDA,1
ZNF2,BROX,1
ZNF2,FAM177B,1
ZNF2,DISP1,1
ZNF2,DEGS1,1
ZNF2,LINC02809,1
ZNF2,ARID4B,1
ZNF2,GGPS1,1
ZNF2,TBCE,1
ZNF2,COA6-AS1,1
ZNF2,KMO,1
ZNF2,WDR64,1
ZNF2,SDCCAG8,1
ZNF2,CATSPERE,1
ZNF2,CNST,1
ZNF2,PGBD2,1
ZNF2,TUBB8,1
ZNF2,DIP2C,1
ZNF2,IL2RA,1
ZNF2,CDC123,1
ZNF2,CAMK1D,1
ZNF2,DCLRE1C,1
ZNF2,PTER,1
ZNF2,COMMD3,1
ZNF2,THNSL1,1
ZNF2,PIP4K2A,1
ZNF2,ABI1,1
ZNF2,MTPAP,1
ZNF2,MAP3K8,1
ZNF2,ZNF485,1
ZNF2,CISD1,1
ZNF2,ARID5B,1
ZNF2,HERC4,1
ZNF2,ASCC1,1
ZNF2,ANAPC16,1
ZNF2,DNAJC9-AS1,1
ZNF2,CFAP70,1
ZNF2,PPP3CB-AS1,1
ZNF2,FUT11,1
ZNF2,ADK,1
ZNF2,TNKS2-DT,1
ZNF2,GHITM,1
ZNF2,EXOSC1,1
ZNF2,ABCC2,1
ZNF2,BLOC1S2,1
ZNF2,PKD2L1,1
ZNF2,NDUFB8,1
ZNF2,HIF1AN,1
ZNF2,C10orf95-AS1,1
ZNF2,WBP1L,1
ZNF2,CYP17A1,1
ZNF2,ADD3,1
ZNF2,SHOC2,1
ZNF2,PDCD4-AS1,1
ZNF2,ACSL5,1
ZNF2,PDCD4,1
ZNF2,ZDHHC6,1
ZNF2,NHLRC2,1
ZNF2,INPP5F,1
ZNF2,LHPP,1
ZNF2,LRRC27,1
ZNF2,LINC01165,1
ZNF2,PRAP1,1
ZNF2,IFITM2,1
ZNF2,GATD1-DT,1
ZNF2,TMEM80,1
ZNF2,TIMM10B,1
ZNF2,TRIM22,1
ZNF2,RNF141,1
ZNF2,IRAG1-AS1,1
ZNF2,ZBED5,1
ZNF2,ZBED5-AS1,1
ZNF2,SAA1,1
ZNF2,LDHAL6A,1
ZNF2,MISFA,1
ZNF2,GAS2,1
ZNF2,HTATIP2,1
ZNF2,BDNF-AS,1
ZNF2,API5,1
ZNF2,LINC02696,1
ZNF2,HARBI1,1
ZNF2,RAPSN,1
ZNF2,TIMM10,1
ZNF2,UBE2L6,1
ZNF2,GLYATL1,1
ZNF2,GLYATL1B,1
ZNF2,FAM111A-DT,1
ZNF2,LINC02739,1
ZNF2,TMEM216,1
ZNF2,TMEM258,1
ZNF2,LBHD1,1
ZNF2,BSCL2,1
ZNF2,GNG3,1
ZNF2,POLR2G,1
ZNF2,TMEM179B,1
ZNF2,TRMT112,1
ZNF2,GPHA2,1
ZNF2,MAJIN,1
ZNF2,BATF2,1
ZNF2,NAALADL1,1
ZNF2,SLC25A45,1
ZNF2,RELA-DT,1
ZNF2,ZNRD2-DT,1
ZNF2,BBS1,1
ZNF2,RBM4B,1
ZNF2,RBM4,1
ZNF2,POLD4,1
ZNF2,CABP4,1
ZNF2,TMEM134,1
ZNF2,CLCF1,1
ZNF2,GPR152,1
ZNF2,CCND1,1
ZNF2,LTO1,1
ZNF2,KRTAP5-8,1
ZNF2,KRTAP5-9,1
ZNF2,XNDC1N,1
ZNF2,AQP11,1
ZNF2,INTS4,1
ZNF2,HIKESHI,1
ZNF2,RAB30-DT,1
ZNF2,LINC02951,1
ZNF2,TMEM126B,1
ZNF2,LNCRNA-IUR,1
ZNF2,ANKRD49,1
ZNF2,CCDC82,1
ZNF2,CEP126,1
ZNF2,LINC02550,1
ZNF2,POU2AF3,1
ZNF2,FDXACB1,1
ZNF2,SDHD,1
ZNF2,BCO2,1
ZNF2,C11orf71,1
ZNF2,PAFAH1B2,1
ZNF2,BACE1-AS,1
ZNF2,FXYD2,1
ZNF2,CXCR5,1
ZNF2,VPS11-DT,1
ZNF2,MSANTD2-AS1,1
ZNF2,CCDC15-DT,1
ZNF2,KCNJ1,1
ZNF2,TP53AIP1,1
ZNF2,PCMTD2,1
ZNF2,LPAR5,1
ZNF2,EMG1,1
ZNF2,TAPBPL,1
ZNF2,M6PR,1
ZNF2,LINC01252,1
ZNF2,ATF7IP,1
ZNF2,GUCY2C,1
ZNF2,RECQL,1
ZNF2,ETFRF1,1
ZNF2,AK4P3,1
ZNF2,ETFBKMT,1
ZNF2,AMN1,1
ZNF2,H3-5,1
ZNF2,SCAF11,1
ZNF2,SLC38A1,1
ZNF2,SLC38A4-AS1,1
ZNF2,RPAP3-DT,1
ZNF2,RPAP3,1
ZNF2,BCDIN3D,1
ZNF2,ATF1,1
ZNF2,GTSF1,1
ZNF2,RDH5,1
ZNF2,ORMDL2,1
ZNF2,GLS2,1
ZNF2,BLOC1S1,1
ZNF2,STAT2,1
ZNF2,RDH16,1
ZNF2,R3HDM2,1
ZNF2,ARHGAP9,1
ZNF2,TSPAN31,1
ZNF2,THAP2,1
ZNF2,TMEM19,1
ZNF2,GLIPR1L1,1
ZNF2,GLIPR1L2,1
ZNF2,PPP1R12A,1
ZNF2,TMTC3,1
ZNF2,POC1B,1
ZNF2,GALNT4,1
ZNF2,LINC02453,1
ZNF2,ANKS1B,1
ZNF2,ACTR6,1
ZNF2,SYCP3,1
ZNF2,WASHC3,1
ZNF2,C12orf42,1
ZNF2,NT5DC3,1
ZNF2,MTERF2,1
ZNF2,PWP1,1
ZNF2,PRDM4,1
ZNF2,ISCU,1
ZNF2,USP30-AS1,1
ZNF2,MVK,1
ZNF2,GIT2,1
ZNF2,VPS29,1
ZNF2,TCTN1,1
ZNF2,HVCN1,1
ZNF2,MAPKAPK5-AS1,1
ZNF2,OAS2,1
ZNF2,POP5,1
ZNF2,RNF34,1
ZNF2,VPS33A,1
ZNF2,SNRNP35,1
ZNF2,TMED2-DT,1
ZNF2,PUS1-AS1,1
ZNF2,ZNF26,1
ZNF2,ZNF140,1
ZNF2,PSPC1-AS2,1
ZNF2,SPATA13-AS1,1
ZNF2,PCOTH,1
ZNF2,C1QTNF9B,1
ZNF2,MIPEP,1
ZNF2,EXOSC8,1
ZNF2,PAN3,1
ZNF2,SLC46A3,1
ZNF2,LINC00384,1
ZNF2,ALOX5AP,1
ZNF2,LINC00398,1
ZNF2,LINC00545,1
ZNF2,N4BP2L1,1
ZNF2,N4BP2L2,1
ZNF2,KBTBD6-DT,1
ZNF2,MTRF1,1
ZNF2,TPT1-AS1,1
ZNF2,CAB39L,1
ZNF2,PHF11,1
ZNF2,SPRYD7,1
ZNF2,TRIM13,1
ZNF2,KCNRG,1
ZNF2,SERPINE3,1
ZNF2,INTS6-AS1,1
ZNF2,CKAP2-DT,1
ZNF2,SUGT1-DT,1
ZNF2,RBM26-AS1,1
ZNF2,GPR183,1
ZNF2,CLYBL,1
ZNF2,ANKRD10,1
ZNF2,GAS6-AS1,1
ZNF2,RNASE6,1
ZNF2,LINC03058,1
ZNF2,METTL17,1
ZNF2,TOX4,1
ZNF2,METTL3,1
ZNF2,OXA1L-DT,1
ZNF2,C14orf119,1
ZNF2,LINC02332,1
ZNF2,NGDN,1
ZNF2,MDP1,1
ZNF2,NEDD8,1
ZNF2,TINF2,1
ZNF2,DHRS1,1
ZNF2,HEATR5A-DT,1
ZNF2,EAPP,1
ZNF2,PRPF39,1
ZNF2,KLHDC1,1
ZNF2,VCPKMT,1
ZNF2,LINC01588,1
ZNF2,DMAC2L,1
ZNF2,CDKL1,1
ZNF2,GMFB,1
ZNF2,SAMD4A-AS1,1
ZNF2,AP5M1,1
ZNF2,ACTR10,1
ZNF2,PSMA3-AS1,1
ZNF2,L3HYPDH,1
ZNF2,JKAMP,1
ZNF2,CHURC1,1
ZNF2,MAP3K9,1
ZNF2,MAP3K9-DT,1
ZNF2,ZC2HC1C,1
ZNF2,BATF,1
ZNF2,IFT43,1
ZNF2,SLIRP,1
ZNF2,SNW1,1
ZNF2,FBLN5,1
ZNF2,DICER1-AS1,1
ZNF2,GSKIP,1
ZNF2,PPP2R5C,1
ZNF2,COA8,1
ZNF2,COPDA1,1
ZNF2,FAM30A,1
ZNF2,NIPA1,1
ZNF2,LINC02250,1
ZNF2,LINC03034,1
ZNF2,EMC4,1
ZNF2,NOP10,1
ZNF2,SRP14,1
ZNF2,SRP14-DT,1
ZNF2,CCDC9B,1
ZNF2,CCDC32,1
ZNF2,RAD51-AS1,1
ZNF2,DNAJC17,1
ZNF2,PPP1R14D,1
ZNF2,SPINT1-AS1,1
ZNF2,CHP1,1
ZNF2,CATSPER2,1
ZNF2,CTDSPL2-DT,1
ZNF2,EIF3J-DT,1
ZNF2,SPG11,1
ZNF2,PATL2,1
ZNF2,B2M,1
ZNF2,TRIM69,1
ZNF2,DUOX1,1
ZNF2,GATM,1
ZNF2,USP8,1
ZNF2,GABPB1-AS1,1
ZNF2,PIGB,1
ZNF2,LINC00926,1
ZNF2,LINC01413,1
ZNF2,MYZAP,1
ZNF2,GCOM1,1
ZNF2,MINDY2-DT,1
ZNF2,RNF111,1
ZNF2,APH1B,1
ZNF2,DAPK2,1
ZNF2,CIAO2A,1
ZNF2,SNX22,1
ZNF2,DENND4A,1
ZNF2,HEXA,1
ZNF2,BBS4,1
ZNF2,TSPAN3,1
ZNF2,HMG20A,1
ZNF2,IL16,1
ZNF2,SNHG21,1
ZNF2,C15orf40,1
ZNF2,GDPGP1,1
ZNF2,SEMA4B,1
ZNF2,CRTC3-AS1,1
ZNF2,HDDC3,1
ZNF2,VPS33B-DT,1
ZNF2,LINC02244,1
ZNF2,TARS3,1
ZNF2,WASIR2,1
ZNF2,CCDC154,1
ZNF2,ZNF213-AS1,1
ZNF2,ZNF75A,1
ZNF2,OR2C1,1
ZNF2,LINC02861,1
ZNF2,TMEM186,1
ZNF2,NUBP1,1
ZNF2,MARF1,1
ZNF2,NPIPB8,1
ZNF2,C16orf54,1
ZNF2,ZNF747-DT,1
ZNF2,RUSF1-DT,1
ZNF2,KRBOX5,1
ZNF2,SNX20,1
ZNF2,CYLD-AS1,1
ZNF2,ATP6V0D1-DT,1
ZNF2,CIAO2B,1
ZNF2,DUS2,1
ZNF2,DPEP2,1
ZNF2,ESRP2,1
ZNF2,CHST6,1
ZNF2,CPHXL2,1
ZNF2,DUXB,1
ZNF2,C16orf95-DT,1
ZNF2,MC1R,1
ZNF2,P2RX5,1
ZNF2,ITGAE,1
ZNF2,UBE2G1,1
ZNF2,MED11,1
ZNF2,SPAG7,1
ZNF2,ZFP3,1
ZNF2,ZNF232-AS1,1
ZNF2,USP6,1
ZNF2,ZNF594,1
ZNF2,ZNF594-DT,1
ZNF2,SCIMP,1
ZNF2,RABEP1,1
ZNF2,RPAIN,1
ZNF2,DERL2,1
ZNF2,MED31,1
ZNF2,ALOX12-AS1,1
ZNF2,GABARAP,1
ZNF2,CD68,1
ZNF2,TRAPPC1,1
ZNF2,LINC00324,1
ZNF2,ADPRM,1
ZNF2,TMEM220-AS1,1
ZNF2,MPRIP-AS1,1
ZNF2,FLCN,1
ZNF2,TVP23B,1
ZNF2,GRAPL,1
ZNF2,AKAP10,1
ZNF2,MIEN1,1
ZNF2,ZPBP2,1
ZNF2,IKZF3,1
ZNF2,CCR7,1
ZNF2,SMARCE1,1
ZNF2,KLHL10,1
ZNF2,KCNH4,1
ZNF2,COA3,1
ZNF2,BECN1,1
ZNF2,NBR2,1
ZNF2,CCDC200,1
ZNF2,ATXN7L3-AS1,1
ZNF2,HEXIM2-AS1,1
ZNF2,EFCAB13-DT,1
ZNF2,SGCA,1
ZNF2,ANKRD40,1
ZNF2,LUC7L3,1
ZNF2,SUPT4H1,1
ZNF2,MTMR4,1
ZNF2,SEPTIN4-AS1,1
ZNF2,HSF5,1
ZNF2,TUBD1,1
ZNF2,HEATR6-DT,1
ZNF2,ICAM2,1
ZNF2,GH1,1
ZNF2,AMZ2,1
ZNF2,SLC9A3R1-AS1,1
ZNF2,GRB2,1
ZNF2,METTL23,1
ZNF2,SNHG20,1
ZNF2,SYNGR2,1
ZNF2,LINC01978,1
ZNF2,TSPAN10,1
ZNF2,ARL16,1
ZNF2,MYOM1,1
ZNF2,MYL12A,1
ZNF2,DLGAP1-AS1,1
ZNF2,LINC00526,1
ZNF2,LINC00667,1
ZNF2,TMEM241,1
ZNF2,RMC1,1
ZNF2,ZNF397,1
ZNF2,ELP2,1
ZNF2,RPRD1A,1
ZNF2,KIAA1328,1
ZNF2,HDHD2,1
ZNF2,ATP8B1-AS1,1
ZNF2,VPS4B,1
ZNF2,CCDC102B,1
ZNF2,CYB5A,1
ZNF2,CNDP2,1
ZNF2,CRYZL1,1
ZNF2,ZNF407-AS1,1
ZNF2,MADCAM1,1
ZNF2,MADCAM1-AS1,1
ZNF2,UQCR11,1
ZNF2,LSM7,1
ZNF2,ZNF57,1
ZNF2,DIRAS1,1
ZNF2,ZNF77,1
ZNF2,MICOS13,1
ZNF2,ZNF557,1
ZNF2,ARHGEF18-AS1,1
ZNF2,PCP2,1
ZNF2,FCER2,1
ZNF2,DOCK6-AS1,1
ZNF2,TMEM205,1
ZNF2,SWSAP1,1
ZNF2,CNN1,1
ZNF2,ZNF763,1
ZNF2,ZNF563,1
ZNF2,ZNF442,1
ZNF2,ZNF439,1
ZNF2,ZNF490,1
ZNF2,ZNF791,1
ZNF2,PRDX2,1
ZNF2,ZNF700,1
ZNF2,LINC02926,1
ZNF2,FARSA-AS1,1
ZNF2,BISPR,1
ZNF2,MAST3,1
ZNF2,KXD1,1
ZNF2,ZNF208,1
ZNF2,POP4,1
ZNF2,GPATCH1,1
ZNF2,IGFLR1,1
ZNF2,PSENEN,1
ZNF2,LIN37,1
ZNF2,POLR2I,1
ZNF2,ZFP14,1
ZNF2,ZNF566,1
ZNF2,ZNF260,1
ZNF2,ZNF529-AS1,1
ZNF2,ZNF382,1
ZNF2,ZNF567-DT,1
ZNF2,ZNF345,1
ZNF2,ZNF568,1
ZNF2,ZNF383,1
ZNF2,ZNF829,1
ZNF2,ZNF420,1
ZNF2,ZNF585A,1
ZNF2,ZNF585B,1
ZNF2,LINC01535,1
ZNF2,ZFP82,1
ZNF2,ZNF540,1
ZNF2,ZNF571,1
ZNF2,ZNF230,1
ZNF2,ZNF284,1
ZNF2,ZNF224,1
ZNF2,ZNF528,1
ZNF2,ZNF606,1
ZNF2,ZNF606-AS1,1
ZNF2,CAPN12,1
ZNF2,RINL,1
ZNF2,GMFG,1
ZNF2,RPS19,1
ZNF2,ZNF546,1
ZNF2,LINC01480,1
ZNF2,CEACAM21,1
ZNF2,LNROP,1
ZNF2,POU2F2-AS2,1
ZNF2,CNFN,1
ZNF2,TRAPPC6A,1
ZNF2,BLOC1S3,1
ZNF2,SNRPD2,1
ZNF2,ZC3H4,1
ZNF2,CARD8,1
ZNF2,CARD8-AS1,1
ZNF2,SLC6A16,1
ZNF2,CD37,1
ZNF2,TEAD2,1
ZNF2,DKKL1,1
ZNF2,ZNF577,1
ZNF2,ZNF766,1
ZNF2,ZNF480,1
ZNF2,ZNF559,1
ZNF2,ZNF559-ZNF177,1
ZNF2,LENG8-AS1,1
ZNF2,LILRB1,1
ZNF2,LILRB1-AS1,1
ZNF2,NLRP9,1
ZNF2,RFPL4A,1
ZNF2,ZNF582-DT,1
ZNF2,ZNF583,1
ZNF2,ZNF667-AS1,1
ZNF2,ZFP28,1
ZNF2,ZNF470-DT,1
ZNF2,ZNF549,1
ZNF2,ZNF211,1
ZNF2,AURKC,1
ZNF2,ZNF460-AS1,1
ZNF2,ZNF547,1
ZNF2,TRAPPC2B,1
ZNF2,ZNF548,1
ZNF2,VN1R1,1
ZNF2,ZNF419,1
ZNF2,ZNF814,1
ZNF2,ZNF154,1
ZNF2,ZNF418,1
ZNF2,C19orf18,1
ZNF2,TMEM18,1
ZNF2,ACP1,1
ZNF2,SLC66A3,1
ZNF2,SMC6,1
ZNF2,TTC32,1
ZNF2,WDR35,1
ZNF2,GDF7,1
ZNF2,PTRHD1,1
ZNF2,ITSN2,1
ZNF2,EFR3B,1
ZNF2,DTNB,1
ZNF2,OST4,1
ZNF2,ATRAID,1
ZNF2,MPV17,1
ZNF2,ZNF512,1
ZNF2,PPP1CB,1
ZNF2,WDR43,1
ZNF2,LCLAT1,1
ZNF2,DPY30,1
ZNF2,HEATR5B,1
ZNF2,GPATCH11,1
ZNF2,EML4-AS1,1
ZNF2,EML4,1
ZNF2,LINC01118,1
ZNF2,PPP1R21,1
ZNF2,CLHC1,1
ZNF2,MIR4432HG,1
ZNF2,BCL11A,1
ZNF2,USP34-DT,1
ZNF2,C2orf74,1
ZNF2,COMMD1,1
ZNF2,LINC01800,1
ZNF2,LINC02245,1
ZNF2,ARHGAP25,1
ZNF2,LINC01888,1
ZNF2,ANXA4,1
ZNF2,PCBP1-AS1,1
ZNF2,C2orf42,1
ZNF2,ADD2,1
ZNF2,NAGK,1
ZNF2,MCEE,1
ZNF2,PAIP2B,1
ZNF2,DGUOK,1
ZNF2,PCGF1,1
ZNF2,DUSP11,1
ZNF2,SLC4A5,1
ZNF2,STAMBP,1
ZNF2,LINC01964,1
ZNF2,RNF181,1
ZNF2,ELMOD3,1
ZNF2,SH2D6,1
ZNF2,C2orf68,1
ZNF2,PTCD3,1
ZNF2,REEP1,1
ZNF2,ZNF514,1
ZNF2,COX5B,1
ZNF2,C2orf92,1
ZNF2,LYG2,1
ZNF2,C2orf15,1
ZNF2,PAX8-AS1,1
ZNF2,ACTR3-AS1,1
ZNF2,INSIG2,1
ZNF2,DDX18,1
ZNF2,MAP3K2-DT,1
ZNF2,CCDC115,1
ZNF2,CXCR4,1
ZNF2,DARS1,1
ZNF2,DARS1-AS1,1
ZNF2,ORC4,1
ZNF2,KIF5C-AS1,1
ZNF2,TANK,1
ZNF2,IFIH1,1
ZNF2,KLHL41,1
ZNF2,PHOSPHO2,1
ZNF2,CWC22,1
ZNF2,ANKAR,1
ZNF2,OSGEPL1,1
ZNF2,OSGEPL1-AS1,1
ZNF2,ORMDL1,1
ZNF2,ANKRD44-IT1,1
ZNF2,BOLL,1
ZNF2,PPIL3,1
ZNF2,ORC2,1
ZNF2,FAM117B,1
ZNF2,METTL21A,1
ZNF2,LINC01857,1
ZNF2,MYOSLID,1
ZNF2,CREB1,1
ZNF2,KANSL1L-AS1,1
ZNF2,LANCL1-AS1,1
ZNF2,ARPC2,1
ZNF2,PNKD,1
ZNF2,CNOT9,1
ZNF2,RHBDD1,1
ZNF2,B3GNT7,1
ZNF2,HDAC4-AS1,1
ZNF2,FARP2,1
ZNF2,LINC03100,1
ZNF2,TMC2,1
ZNF2,IDH3B,1
ZNF2,SPEF1,1
ZNF2,TMEM230,1
ZNF2,SHLD1,1
ZNF2,PET117,1
ZNF2,KAT14,1
ZNF2,DZANK1,1
ZNF2,ZNF337-AS1,1
ZNF2,EIF6,1
ZNF2,UQCC1,1
ZNF2,CPNE1,1
ZNF2,NFS1,1
ZNF2,BLCAP,1
ZNF2,SRSF6,1
ZNF2,OSER1-DT,1
ZNF2,CD40,1
ZNF2,TRERNA1,1
ZNF2,PRELID3B,1
ZNF2,FNDC11,1
ZNF2,MHENCR,1
ZNF2,N6AMT1,1
ZNF2,RWDD2B,1
ZNF2,IFNAR1,1
ZNF2,C21orf62-AS1,1
ZNF2,CBR1,1
ZNF2,CBR3,1
ZNF2,DOP1B,1
ZNF2,HLCS-AS1,1
ZNF2,PIGP,1
ZNF2,BRWD1-IT1,1
ZNF2,NDUFV3,1
ZNF2,PKNOX1,1
ZNF2,HSF2BP,1
ZNF2,GATD3,1
ZNF2,ITGB2-AS1,1
ZNF2,DGCR5,1
ZNF2,LINC01311,1
ZNF2,MRPL40,1
ZNF2,ZNF280B,1
ZNF2,RAB36,1
ZNF2,SLC2A11,1
ZNF2,NF2,1
ZNF2,UQCR10,1
ZNF2,PISD,1
ZNF2,LARGE-IT1,1
ZNF2,LARGE-AS1,1
ZNF2,CBY1,1
ZNF2,APOBEC3C,1
ZNF2,APOBEC3F,1
ZNF2,APOBEC3G,1
ZNF2,TNRC6B,1
ZNF2,RBX1,1
ZNF2,TNFRSF13C,1
ZNF2,WBP2NL,1
ZNF2,CELSR1,1
ZNF2,ITPR1,1
ZNF2,LHFPL4,1
ZNF2,ARPC4,1
ZNF2,CIDEC,1
ZNF2,FANCD2,1
ZNF2,FANCD2OS,1
ZNF2,CCDC174,1
ZNF2,TSEN2,1
ZNF2,XPC,1
ZNF2,LSM3,1
ZNF2,PLCL2-AS1,1
ZNF2,KCNH8,1
ZNF2,EFHB,1
ZNF2,SGO1-AS1,1
ZNF2,THRB,1
ZNF2,OSBPL10,1
ZNF2,OSBPL10-AS1,1
ZNF2,ZNF860,1
ZNF2,LINC02033,1
ZNF2,TTC21A,1
ZNF2,EIF1B-AS1,1
ZNF2,ENTPD3-AS1,1
ZNF2,LIMD1-AS1,1
ZNF2,PRKAR2A-AS1,1
ZNF2,TCTA,1
ZNF2,RBM6,1
ZNF2,CYB561D2,1
ZNF2,RBM5,1
ZNF2,TWF2-DT,1
ZNF2,DNAH12,1
ZNF2,ARF4-AS1,1
ZNF2,PDHB,1
ZNF2,ARL6IP5,1
ZNF2,FOXP1,1
ZNF2,LINC00960,1
ZNF2,ZNF717,1
ZNF2,ARL6,1
ZNF2,OR5K2,1
ZNF2,CLDND1,1
ZNF2,NIT2,1
ZNF2,DZIP3,1
ZNF2,CD47,1
ZNF2,IFT57,1
ZNF2,SLC9C1,1
ZNF2,CD200,1
ZNF2,BTLA,1
ZNF2,ATG3,1
ZNF2,CD200R1,1
ZNF2,NEPRO-AS1,1
ZNF2,LINC02044,1
ZNF2,BOC,1
ZNF2,SIDT1-AS1,1
ZNF2,GRAMD1C,1
ZNF2,ZDHHC23,1
ZNF2,ZBTB20-AS4,1
ZNF2,POGLUT1,1
ZNF2,NDUFB4,1
ZNF2,PARP15,1
ZNF2,PARP14,1
ZNF2,FAM162A,1
ZNF2,SEC22A,1
ZNF2,LINC02614,1
ZNF2,MYLK-AS1,1
ZNF2,MBD4,1
ZNF2,CNBP,1
ZNF2,CEP63,1
ZNF2,ANAPC13,1
ZNF2,SERPINI1,1
ZNF2,COPB2-DT,1
ZNF2,RASA2-IT1,1
ZNF2,LINC02917,1
ZNF2,ARHGEF26,1
ZNF2,CLDN11,1
ZNF2,MFN1,1
ZNF2,NDUFB5,1
ZNF2,PEX5L,1
ZNF2,DNAJC19,1
ZNF2,TTC14,1
ZNF2,LINC02924,1
ZNF2,APOD,1
ZNF2,NCBP2AS2,1
ZNF2,ZDHHC19,1
ZNF2,LRCH3,1
ZNF2,ZNF141,1
ZNF2,PDE6B,1
ZNF2,ATP5ME,1
ZNF2,PCGF3,1
ZNF2,CFAP99,1
ZNF2,HTT-AS,1
ZNF2,FAM200B,1
ZNF2,SEPSECS-AS1,1
ZNF2,PTTG2,1
ZNF2,GNPDA2,1
ZNF2,CNGA1,1
ZNF2,OCIAD2,1
ZNF2,SGCB,1
ZNF2,SPATA18,1
ZNF2,THAP6,1
ZNF2,SDAD1-AS1,1
ZNF2,MRPS18C,1
ZNF2,PRDM8-AS1,1
ZNF2,HELQ,1
ZNF2,PPM1K-DT,1
ZNF2,RAP1GDS1,1
ZNF2,DAPP1,1
ZNF2,ADH4,1
ZNF2,ADH6,1
ZNF2,BANK1,1
ZNF2,CYP2U1,1
ZNF2,LINC02435,1
ZNF2,NDUFC1,1
ZNF2,RAB33B-AS1,1
ZNF2,SCOC-AS1,1
ZNF2,DCLK2,1
ZNF2,DCHS2,1
ZNF2,PLRG1,1
ZNF2,CTSO,1
ZNF2,MSMO1,1
ZNF2,SAP30-DT,1
ZNF2,CYP4V2,1
ZNF2,IRF2,1
ZNF2,LINC02427,1
ZNF2,LINC02365,1
ZNF2,TTC23L,1
ZNF2,SLC1A3-AS1,1
ZNF2,NIM1K,1
ZNF2,TMEM267,1
ZNF2,FBXO4,1
ZNF2,MOCS2-DT,1
ZNF2,GPBP1,1
ZNF2,LINC01948,1
ZNF2,C5orf67,1
ZNF2,MAP1B,1
ZNF2,MIR4280HG,1
ZNF2,TMEM161B-DT,1
ZNF2,MEF2C-AS2,1
ZNF2,MEF2C-AS1,1
ZNF2,POU5F2,1
ZNF2,SLF1,1
ZNF2,ERAP2,1
ZNF2,LIX1-AS1,1
ZNF2,LIX1,1
ZNF2,RGMB-AS1,1
ZNF2,CHD1-DT,1
ZNF2,TNFAIP8,1
ZNF2,AP3S1,1
ZNF2,LINC02201,1
ZNF2,SNX2,1
ZNF2,CSNK1G3,1
ZNF2,MARCHF3,1
ZNF2,C5orf63,1
ZNF2,RAD50,1
ZNF2,KIF3A,1
ZNF2,UQCRQ,1
ZNF2,FSTL4,1
ZNF2,PCDHGA7,1
ZNF2,PCDHGA8,1
ZNF2,PCDHGA10,1
ZNF2,RNF14,1
ZNF2,PLAC8L1,1
ZNF2,MAT2B,1
ZNF2,CD74,1
ZNF2,RPS14,1
ZNF2,SYNPO,1
ZNF2,ZNF300,1
ZNF2,CLMAT3,1
ZNF2,MRPL22,1
ZNF2,SAP30L-AS1,1
ZNF2,MED7,1
ZNF2,FNDC9,1
ZNF2,NIPAL4-DT,1
ZNF2,ADAM19,1
ZNF2,NIPAL4,1
ZNF2,TTC1,1
ZNF2,RPL26L1-AS1,1
ZNF2,ATP6V0E1,1
ZNF2,HNRNPH1,1
ZNF2,TRIM7-AS1,1
ZNF2,DUSP22,1
ZNF2,EXOC2,1
ZNF2,BPHL,1
ZNF2,DSP-AS1,1
ZNF2,DSP,1
ZNF2,USP45,1
ZNF2,C6orf62,1
ZNF2,ARMH2,1
ZNF2,RIPOR2,1
ZNF2,CDKAL1,1
ZNF2,MRS2,1
ZNF2,TRIM38,1
ZNF2,CARMIL1,1
ZNF2,HMGN4,1
ZNF2,GABBR1,1
ZNF2,HLA-F,1
ZNF2,PPP1R11,1
ZNF2,HCG18,1
ZNF2,HLA-E,1
ZNF2,RPP21,1
ZNF2,MRPS18B,1
ZNF2,PSORS1C3,1
ZNF2,NCR3,1
ZNF2,SNHG32,1
ZNF2,TSBP1-AS1,1
ZNF2,PSMB8-AS1,1
ZNF2,PSMB9,1
ZNF2,CLIC1,1
ZNF2,TSBP1,1
ZNF2,HLA-DQA1,1
ZNF2,HLA-DRA,1
ZNF2,HLA-DRB5,1
ZNF2,HLA-DRB1,1
ZNF2,HLA-DQB1,1
ZNF2,HLA-DQB1-AS1,1
ZNF2,HLA-DQA2,1
ZNF2,HLA-DQB2,1
ZNF2,HLA-DOB,1
ZNF2,HLA-DMB,1
ZNF2,HLA-DMA,1
ZNF2,HLA-DOA,1
ZNF2,HLA-DPA1,1
ZNF2,HLA-DPB1,1
ZNF2,HCG25,1
ZNF2,HCG24,1
ZNF2,SMIM29,1
ZNF2,FGD2,1
ZNF2,APOBEC2,1
ZNF2,TREML2,1
ZNF2,TBCC,1
ZNF2,MEA1,1
ZNF2,SLC22A7,1
ZNF2,CRIP3,1
ZNF2,GCM1,1
ZNF2,ELOVL5,1
ZNF2,TMEM14A,1
ZNF2,LINC00680-GUSBP4,1
ZNF2,EYS,1
ZNF2,LMBRD1,1
ZNF2,COL19A1,1
ZNF2,COL9A1,1
ZNF2,FILIP1,1
ZNF2,NT5E,1
ZNF2,SESN1,1
ZNF2,ZBTB24-DT,1
ZNF2,AK9,1
ZNF2,FIG4,1
ZNF2,REV3L-IT1,1
ZNF2,KPNA5,1
ZNF2,TSPYL1,1
ZNF2,CALHM6,1
ZNF2,NT5DC1,1
ZNF2,SLC18B1,1
ZNF2,HIVEP2-DT,1
ZNF2,UST,1
ZNF2,PLEKHG1,1
ZNF2,TMEM242,1
ZNF2,TBXT,1
ZNF2,SFT2D1,1
ZNF2,CCR6,1
ZNF2,ERMARD,1
ZNF2,LINC00242,1
ZNF2,FAM120B,1
ZNF2,PSMB1,1
ZNF2,SUN1,1
ZNF2,PSMG3,1
ZNF2,ELFN1-AS1,1
ZNF2,RSPH10B,1
ZNF2,MIOS-DT,1
ZNF2,UMAD1,1
ZNF2,SP4,1
ZNF2,DNAH11,1
ZNF2,HYCC1,1
ZNF2,CCDC126,1
ZNF2,JAZF1-AS1,1
ZNF2,NT5C3A,1
ZNF2,RP9,1
ZNF2,BBS9,1
ZNF2,LINC03013,1
ZNF2,SEPTIN7-DT,1
ZNF2,SEPTIN7,1
ZNF2,AMPH,1
ZNF2,CDK13,1
ZNF2,YAE1,1
ZNF2,TMED4,1
ZNF2,TPST1,1
ZNF2,AUTS2,1
ZNF2,STYXL1,1
ZNF2,SPDYE17,1
ZNF2,SPDYE18,1
ZNF2,GSAP,1
ZNF2,PHTF2,1
ZNF2,TMEM60,1
ZNF2,TP53TG1,1
ZNF2,CROT,1
ZNF2,ABCB4,1
ZNF2,DMTF1,1
ZNF2,AKAP9,1
ZNF2,KRIT1,1
ZNF2,RBM48,1
ZNF2,SGCE,1
ZNF2,VPS50,1
ZNF2,ATP5MF,1
ZNF2,ZNF655,1
ZNF2,CYP3A5,1
ZNF2,TRIM4,1
ZNF2,LAMTOR4,1
ZNF2,STAG3,1
ZNF2,ZCWPW1,1
ZNF2,KMT2E-AS1,1
ZNF2,SRPK2,1
ZNF2,PMPCB,1
ZNF2,DUS4L,1
ZNF2,DUS4L-BCAP29,1
ZNF2,THAP5,1
ZNF2,WNT16,1
ZNF2,ING3,1
ZNF2,AASS,1
ZNF2,POT1-AS1,1
ZNF2,ZC3HC1,1
ZNF2,TMEM209,1
ZNF2,PODXL,1
ZNF2,ZC3HAV1,1
ZNF2,FMC1,1
ZNF2,KDM7A-DT,1
ZNF2,NDUFB2,1
ZNF2,PRSS1,1
ZNF2,CASP2,1
ZNF2,ARHGEF35-AS1,1
ZNF2,OR2A1-AS1,1
ZNF2,OR2A1,1
ZNF2,ARHGEF5,1
ZNF2,ABCF2-H2BK1,1
ZNF2,PAXIP1-AS2,1
ZNF2,PAXIP1-DT,1
ZNF2,MCPH1-AS1,1
ZNF2,AGPAT5,1
ZNF2,MTMR9,1
ZNF2,ZDHHC2,1
ZNF2,CNOT7,1
ZNF2,PNOC,1
ZNF2,IKBKB,1
ZNF2,RNF170,1
ZNF2,SDR16C5,1
ZNF2,PCMTD1-DT,1
ZNF2,DNAJC5B,1
ZNF2,LACTB2-AS1,1
ZNF2,LACTB2,1
ZNF2,C8orf44-SGK3,1
ZNF2,SLCO5A1-AS1,1
ZNF2,UBE2W,1
ZNF2,GDAP1,1
ZNF2,LINC02986,1
ZNF2,CA13,1
ZNF2,CA3,1
ZNF2,CA3-AS1,1
ZNF2,LINC01030,1
ZNF2,DECR1,1
ZNF2,MIR378D2HG,1
ZNF2,VIRMA-DT,1
ZNF2,PLEKHF2,1
ZNF2,CFAP418-AS1,1
ZNF2,ZNNT1,1
ZNF2,ZNF706,1
ZNF2,ATP6V1C1,1
ZNF2,DCAF13,1
ZNF2,RNF139-DT,1
ZNF2,NDUFB9,1
ZNF2,MTSS1,1
ZNF2,ASAP1-IT2,1
ZNF2,MINCR,1
ZNF2,ZNF7,1
ZNF2,ZNF250,1
ZNF2,ZNF252P-AS1,1
ZNF2,KDM4C,1
ZNF2,DMAC1,1
ZNF2,APTX,1
ZNF2,SMU1,1
ZNF2,B4GALT1,1
ZNF2,ACO1,1
ZNF2,SMIM27,1
ZNF2,NDUFB6,1
ZNF2,NFX1,1
ZNF2,B4GALT1-AS1,1
ZNF2,RECK,1
ZNF2,EBLN3P,1
ZNF2,ZCCHC7,1
ZNF2,GDA,1
ZNF2,IDNK,1
ZNF2,XPA,1
ZNF2,CDC26,1
ZNF2,ATP6V1G1,1
ZNF2,HMGA1P4,1
ZNF2,SET,1
ZNF2,AK8,1
ZNF2,LINC02846,1
ZNF2,LINC01451,1
ZNF2,LCN8,1
ZNF2,STPG3-AS1,1
ZNF2,XG,1
ZNF2,TCEANC,1
ZNF2,OFD1,1
ZNF2,EIF2S3,1
ZNF2,GK-IT1,1
ZNF2,KRBOX4,1
ZNF2,INE1,1
ZNF2,ZNF41,1
ZNF2,PIM2,1
ZNF2,WDR45,1
ZNF2,KLF8,1
ZNF2,RRAGB,1
ZNF2,MIR223HG,1
ZNF2,IL2RG,1
ZNF2,PIN4,1
ZNF2,HDAC8,1
ZNF2,CHIC1,1
ZNF2,CYSLTR1,1
ZNF2,P2RY10,1
ZNF2,HDX,1
ZNF2,ARMCX6,1
ZNF2,TRMT2B-AS1,1
ZNF2,ARMCX2,1
ZNF2,TCEAL1,1
ZNF2,RAB9B,1
ZNF2,SLC25A53,1
ZNF2,ZCCHC18,1
ZNF2,PRPS1,1
ZNF2,TSC22D3,1
ZNF2,ALG13,1
ZNF2,ALG13-AS1,1
ZNF2,RNF113A,1
ZNF2,NDUFA1,1
ZNF2,SLC25A5-AS1,1
ZNF2,RHOXF1,1
ZNF2,STAG2-AS1,1
ZNF2,INTS6L,1
ZNF2,ZNF75D,1
ZNF2,MTM1,1
ZNF2,ATP6AP1-DT,1
ZNF2,PLXNB3-AS1,1
ZNF2,ATP2B3,1
ZNF44,TNS1-AS1,1
ZNF44,SEC13,1
ZNF76,SLC25A47,1
ZNF76,C19orf38,1
ZSC22,PLEKHJ1,1
ZSC22,LMNB2,1
ZSC22,LINC01775,1
